Rw	R	Tu	Tl	Hu	Hl	L	Kw	Altered
0.067660971413	4920.41036701	71996.7450385	76.5040338429	1013.54156736	714.668676512	1202.14871463	11430.1290785	False
0.0644157457799	18727.6825631	64460.025544	85.3173466525	1089.51784996	745.353531359	1172.96674938	10321.9719319	False
0.128474812764	37171.6741305	75637.1318335	101.115383667	1028.32943059	703.848969286	1635.22387827	11836.6344751	False
0.0794556678663	30246.2705144	73115.5117253	113.93881252	1067.48802853	769.668168134	1513.55042818	10897.8466169	False
0.127976522677	47400.5347145	82542.766307	92.4072366286	1024.00898761	705.793295071	1647.31432034	10779.7835097	False
0.126017984541	43251.0254375	85783.1717546	110.282442955	995.226884851	714.975755337	1231.81059541	11683.5922854	False
0.0558619604894	18033.6368664	93298.3200566	88.069640745	995.50892877	746.641177699	1431.11125882	10230.31571	False
0.0705349390573	36645.0770592	104674.966126	112.15890845	1039.5151692	753.602469915	1375.39372671	10933.9299652	False
0.131629895633	34920.7617078	115010.842557	63.1598118948	1059.25234342	819.557851804	1283.67165904	11582.3073227	False
0.0797073506415	364.507990198	78805.4025243	80.8456005384	1018.13387175	761.420267357	1217.74138194	11323.7361976	False
0.112604887274	17818.4469497	78085.9256435	95.2564922189	1055.14656448	753.104538801	1270.55121911	10025.3994319	False
0.127093863452	30173.3697579	63099.3398898	77.0097089931	1023.93214849	799.203822187	1238.39520862	10256.3107978	False
0.0500105808191	37729.4292699	105000.960731	114.364666156	1041.73229729	754.46806397	1340.14013221	11161.5586926	False
0.145449565665	25781.9163673	102347.782579	69.8208391135	999.942573457	786.883554479	1274.82569294	11993.6247431	False
0.0563020868736	36133.3764055	70386.2747836	67.1082184873	1058.41524612	818.509736953	1644.54363017	10406.0868859	False
0.12758222491	5176.78301043	107552.030588	67.3416646235	1090.59159224	819.278659282	1490.9106748	10974.6286301	False
0.123675354284	8085.58378414	84478.5274732	111.823751966	1091.00650948	784.03040966	1252.60797196	10147.9651537	False
0.113287858958	7702.73095941	67083.1124305	109.62983388	1013.72820555	817.462354465	1418.05904208	10182.8160173	False
0.069948359473	24332.0546805	101991.488641	110.215916451	1099.3127968	809.116477298	1201.09530001	11130.467172	False
0.081628496178	6398.74139524	85972.5899804	89.8973530395	1001.33120589	818.082478425	1577.72554629	10513.6475233	False
0.115825523646	49463.2482848	104088.465728	90.4801402243	1095.29482418	744.439156329	1393.28160646	10803.1470308	False
0.145814531421	16638.5015643	66546.397474	102.289116564	1040.89625722	746.464451933	1227.33460148	11189.0523243	False
0.0654999068848	18512.4558836	80550.1623482	94.7714981016	1063.37391866	720.165516407	1291.90517365	11367.3094175	False
0.131318884908	47559.7365353	63121.5844956	71.8821485279	1082.53895394	736.844671339	1493.24812915	10336.241117	False
0.100231329083	20921.3204723	96219.3498552	110.736890283	1002.71987397	720.756215392	1298.45136426	10604.6866152	False
0.0776336763624	40743.8149056	90181.116008	76.6066362379	1081.93324471	812.616388251	1657.92632082	11731.6418531	False
0.0618185151388	18622.1618887	64272.6223284	83.029074708	1046.70435507	734.774388278	1282.56887297	11248.7284774	False
0.0703707722934	31381.2440185	66448.0587091	74.1925159329	1103.61110499	752.499892291	1551.51785582	11197.7668456	False
0.0841461601656	12169.238625	103944.807944	71.4875000615	1053.0688855	740.312203074	1597.77064494	10469.4633888	False
0.0812520218822	629.308980168	69721.2989179	72.9721713821	1040.72501896	722.239848407	1215.16635486	11360.9770367	False
0.0528980653129	40778.6539444	94859.5747058	106.276776057	1095.06902269	732.774330139	1438.96891706	10744.6811999	False
0.128137134446	35336.6393993	94422.0248395	70.0996118598	1058.52549578	752.825792314	1297.18475113	9959.65836022	False
0.0650208143422	10397.7629667	70597.0431592	78.5263835689	1048.92346705	700.056488663	1659.2803576	11768.9596701	False
0.0789094262912	11815.469029	110529.119453	106.57742943	1059.95048563	719.762870944	1325.11788639	10123.8894905	False
0.146721479674	31229.804596	103326.414419	82.2589232765	1050.17226902	813.283567155	1522.83267459	11202.6513244	False
0.114526551344	20888.0777804	99316.9352446	91.1913697639	1057.58375507	728.865734513	1269.47515684	11040.4748281	False
0.144206594682	36215.3008099	72240.2479906	76.0968415427	1080.1318385	739.376945801	1512.95040039	11424.6293054	False
0.0517821203959	2504.24193967	112505.359622	72.8696954907	1019.18453409	779.394977018	1254.82469849	10793.3408455	False
0.098097534003	32663.3712882	69909.08711	95.1498508477	1107.37700493	736.373584749	1345.16235158	11030.8206327	False
0.116385331408	12627.186726	100388.675402	88.2004309855	1071.90771951	756.19829291	1461.13685658	11542.9567167	False
0.0841676469453	24667.1492019	77774.6377931	111.361576353	1059.61654026	793.270705781	1211.65621455	10771.5873328	False
0.129158376707	16188.4825062	107920.21452	72.7698024245	1012.7281955	805.298942433	1136.02027895	11970.8003457	False
0.0684306505231	8709.68246455	106810.031669	84.2387253558	1028.58879979	781.126391865	1268.10348007	11896.799375	False
0.0628450120348	20681.5030464	95197.3040305	98.5510777604	1107.18124874	740.244044784	1569.14072957	11769.5304796	False
0.0561995549174	46711.9367794	95581.0744622	90.0009005719	1101.60067319	717.277736966	1573.82762037	9941.94450025	False
0.0857195520714	38560.4428567	110445.777382	68.480386104	1002.47405005	785.127641393	1452.08654639	10588.193273	False
0.126791291936	26432.478554	74890.7887799	65.2988071431	991.565081713	710.698035059	1168.14510139	11714.229718	False
0.147756224721	41914.2237639	82887.9293101	85.2129825998	1063.80711683	795.743154393	1666.40200789	10530.0612155	False
0.121824215992	44190.0815027	67227.2751637	96.8644184563	1026.81945259	759.307514702	1234.1167233	9928.88485196	False
0.0639428609793	25038.2200568	83817.5398879	115.567467271	1099.25511564	738.864669184	1506.84651683	11049.391406	False
0.104672191838	7576.94777428	65131.7174958	68.3583550108	1102.84189511	775.187879212	1610.81035093	11144.3979701	False
0.144686522082	20437.6650095	73141.2667027	80.054511762	1005.40050843	816.444365325	1526.0747475	12043.7481061	False
0.105157298956	17738.9536377	90282.424053	114.632162508	1091.8312145	717.617312501	1398.85283944	10383.9488049	False
0.112804591298	20490.6356249	65260.0772296	71.1233228651	1002.0424667	795.362851065	1483.13685169	10738.6361174	False
0.0908530423045	38484.1614081	69091.0022765	85.0699158218	1096.48228625	715.634332292	1170.52458527	10577.8535149	False
0.124564322087	26646.9308297	86272.5257434	80.1336327955	1033.93499697	814.890765965	1164.05747124	10750.3168083	False
0.128777434108	10755.3240927	108751.830221	64.6647994247	993.634329061	730.932247311	1287.61466124	11467.8870232	False
0.0822176277561	20301.3909924	113460.382339	66.7442730382	1064.98822981	784.56144292	1126.87985612	10776.5533579	False
0.106588971788	19042.8355843	90732.3169827	102.193753079	998.471682148	801.142765923	1622.93747168	11969.6592238	False
0.130166247571	35135.9941363	87990.7862735	85.0230580912	1061.92026	731.716604848	1240.04241624	10167.0907588	False
0.0672780650726	17603.0721598	70483.4976854	114.486088276	1085.3413734	791.525345602	1265.93017036	11279.9811758	False
0.125536308385	49021.1221158	87115.2961733	99.2546601618	1078.48831904	773.139796518	1212.64586739	11722.0367999	False
0.136745357526	18297.7206185	83823.5457273	102.558425376	1000.34145034	730.692684253	1541.60979957	10149.475655	False
0.0531781294628	14760.8552717	65735.3238483	96.4603855704	1061.24946204	794.09961739	1634.97409553	11976.9788468	False
0.0783881846112	34767.1955751	92410.3906972	106.132594288	1094.13582486	795.838840049	1318.01517436	10138.5668843	False
0.119258635604	40332.8645014	81676.5033805	76.7435291414	1097.93927508	792.923531906	1605.57909249	10689.6116305	False
0.055562797404	40006.1600515	110576.677503	68.3192567187	1041.12787482	743.769022146	1277.32141943	10528.0535153	False
0.0798136534644	32553.3352504	68119.5329268	65.6954201281	1034.72991436	771.027181033	1655.23205221	11751.6565642	False
0.131394884425	18653.3136271	71293.7919283	110.437426105	1023.23241441	737.327170041	1399.97624273	11079.7321598	False
0.100071703084	25306.4105157	69754.2708156	67.1948902313	1020.45682518	777.526558103	1355.5779066	11989.238969	False
0.120954904298	24035.1229307	84536.6227248	99.9787523101	1008.78330378	752.33624777	1583.27203999	11044.5422982	False
0.0960497633218	49379.8528592	89288.7804712	80.652649423	1108.17323641	779.099147441	1591.75482365	11409.7149616	False
0.0912846865927	7247.13143935	110625.371339	101.655209456	1084.64744263	809.849802619	1621.60629858	10658.5308334	False
0.05972771596	38094.8572935	77831.3784077	98.8787985899	1015.70461297	816.884772579	1228.35502454	11656.5674189	False
0.0673489931769	11741.2162569	78642.3831577	104.351256646	1066.97794411	777.736780715	1408.3814419	10387.7129459	False
0.0522383232254	41279.2905655	71832.9492916	88.8957165084	1094.26189035	792.46937672	1617.60923806	10747.4366101	False
0.1276754141	7859.4701567	82475.8891108	73.7380013152	1057.0053008	718.238810923	1460.77899726	10373.5072985	False
0.121107052641	37878.4356766	83737.426975	81.9180996894	1102.94769956	765.231166123	1406.08335497	11950.5511639	False
0.0939062548149	33467.2119691	114105.052377	97.486337837	1026.64926051	760.180818076	1669.71334241	9953.92838467	False
0.0830234703886	23392.4844695	79173.9947862	113.041517297	1014.77130887	796.378996193	1218.07553255	11593.9333793	False
0.0738072647634	20184.9749525	64847.5345155	106.476975913	1059.04576283	765.691254458	1346.01599621	11111.0083823	False
0.148036147484	34142.1670025	109579.843667	91.7846557141	1031.74968678	809.692198506	1618.27398613	10589.7042691	False
0.0614243700567	13252.7380142	97139.0892541	68.6069297512	1034.53096108	804.917175122	1545.62803966	10835.6735218	False
0.0997768943872	47379.5551946	68071.161244	77.3932593296	1091.74261116	705.332120529	1138.2939624	11015.6433923	False
0.0694113680171	14616.0205038	69961.6265815	74.2142143543	1103.57161388	715.819293007	1338.45405493	10864.6842834	False
0.117511774542	10435.2394027	109951.937266	84.8259218229	1093.07271641	794.199123155	1391.047311	10653.1087494	False
0.0577011694721	30767.0669505	79818.8809455	86.7416970864	1074.37817722	812.914736949	1257.12786541	10617.0469713	False
0.0715349924417	12226.3119243	105641.740313	97.3617278734	1094.34934995	815.470091898	1659.52175827	10664.961643	False
0.132772606186	14281.6530897	100252.451666	86.5184195587	1060.20514238	708.990810275	1127.03380576	11810.7480196	False
0.0598965603637	5559.50684952	101972.457719	94.7437733634	1018.96295291	742.952709681	1354.26616823	10717.0240667	False
0.0636025677253	22925.8745383	108718.853541	84.0706026806	1044.44160301	807.643868534	1540.2199043	11853.0042737	False
0.140440805645	17009.4469701	104358.504845	85.7648742751	1017.12687362	807.120811895	1217.20736603	10310.314665	False
0.0767915291952	20136.562763	68330.5566738	105.277208049	1050.01617864	744.359399117	1154.21381024	10804.9838732	False
0.0734757661291	30883.8773334	80212.5350131	85.4994818157	1033.3431181	754.594199906	1279.27100748	10519.697974	False
0.142793415245	41504.6739754	107653.39644	102.526284857	1015.37667901	801.639466123	1122.10130133	10316.5337803	False
0.130718369881	42037.3542498	103682.918717	81.9945045378	1041.57432066	730.172338585	1433.96733668	10406.2432412	False
0.100113502129	46728.9022185	102820.309465	101.983148072	1003.81113537	811.450234745	1537.80041836	10378.5229659	False
0.139597202146	49553.5659984	69626.702179	86.4057478412	1021.1756551	786.21672226	1537.16466214	11974.4554837	False
0.0831288063183	1096.5162572	105307.147939	89.4218754936	1056.82311517	780.628068015	1335.40321087	11251.9842417	False
0.0760856589395	35949.7895562	88025.0624782	101.197149376	993.370880037	743.265042279	1192.25194715	10434.860311	False
0.0976682171963	21797.4792884	111593.456633	95.0571544028	1003.27998883	745.52114342	1174.42877379	10330.3934823	False
0.124365278553	48295.1706869	94138.7448484	88.8599835799	1069.87280568	734.470685374	1331.06566166	11550.7044157	False
0.0820439717355	3897.72211707	74569.271312	90.633669104	1053.64832628	724.0863322	1613.20784999	11350.4478573	False
0.10758825216	3008.12548638	86247.8431253	92.0166594743	1026.5490562	788.968879116	1290.17868282	10187.5023274	False
0.147031967102	31921.7169635	87014.8066689	113.525299733	1009.98225389	787.508190697	1131.93785804	11606.421003	False
0.121080953163	8297.52327867	74840.342909	77.8960329533	1075.45976663	807.030079055	1412.04371285	11741.1042321	False
0.113549666721	26003.3660726	104552.965123	99.8864886428	1001.57965931	781.59423633	1366.20164723	10752.8513184	False
0.06743591082	36574.5443326	70532.3030001	100.967397145	1042.83066835	709.029045661	1386.60143478	10239.8627203	False
0.0809239737939	29170.0689069	91422.1445653	69.309917337	1062.87946098	779.29551511	1132.56654605	10557.122508	False
0.11829813957	31777.9755097	106622.525681	76.9314119474	1023.01438462	761.959105923	1464.03325475	10218.9064697	False
0.139905852214	37630.0238121	106903.849614	66.7012620579	1017.70136914	711.442369547	1631.39217327	11082.6598524	False
0.140748304625	13787.4840161	105095.413666	104.673008153	1074.93965485	806.954489338	1564.27176257	10993.2237192	False
0.090438011837	13676.2611747	89999.7395531	66.5523761639	1102.7649004	737.56963196	1125.56611055	11055.1144088	False
0.0735030166687	19601.0105897	92910.9601658	99.7345732281	1013.1019605	801.056432597	1646.1974478	11906.9638653	False
0.0714694929982	45100.1372606	113761.119054	74.8327383681	1037.16315479	751.241140637	1620.94567419	11529.0875888	False
0.116051211106	15222.8604186	101292.891754	111.433300907	1048.08785305	745.155727096	1611.94669359	10164.1563767	False
0.0661017125224	9424.42984009	111648.206597	107.520293837	1070.72666045	727.050385581	1472.42714241	9951.6229605	False
0.0625397878703	19194.9924413	64136.7105108	68.1725868347	1056.95917796	747.076591104	1578.17365457	10221.695214	False
0.0982251551102	35082.8340471	81821.3804042	75.5494808534	1089.42092025	750.375038309	1300.10558697	10515.0906711	False
0.117460644035	49913.6471925	90464.0070536	98.3778095883	1095.93412191	752.132872266	1170.9490607	9967.27998783	False
0.0503248437851	41326.4777051	101142.138529	74.0142021775	1073.11071456	802.342675039	1158.93081545	10907.8857283	False
0.0935826292199	17279.7619054	106884.322608	103.670013898	1039.47106688	734.166676038	1566.22050721	11625.1467091	False
0.0578618621007	22929.409378	89688.8488007	71.9577360081	1074.68518776	790.345474919	1465.16556975	10023.7370428	False
0.103477371952	40063.9396635	113007.867221	92.9873000298	1028.63530424	799.391041811	1612.45347556	11126.5849078	False
0.0657008194047	8291.87212269	107864.497957	105.11103217	1103.88780722	762.051034271	1292.35880455	11204.0759711	False
0.125672522717	33516.102416	86057.4691593	65.2067679229	1025.62896396	748.100390779	1482.4032082	11453.2728292	False
0.135578493215	3560.37278041	105736.8979	106.912512596	1049.10714428	793.492266389	1531.66313644	11525.5787117	False
0.0821067729583	8144.224654	64179.6700055	68.0695305721	1081.2223576	752.048835542	1272.77113754	11557.6918054	False
0.13060639895	40418.0359474	66040.3903611	64.1405100768	1090.10841334	797.303396997	1458.3575723	11914.1923034	False
0.0702434553295	39107.876979	67601.5120918	93.1452968763	1054.61596493	754.350526405	1155.33827737	9884.71762099	False
0.11512512154	10918.6428006	105406.858362	64.7869926973	1022.26768177	754.763825042	1134.83268012	11018.2013545	False
0.0943013487011	22407.7882607	100560.010521	81.683137391	1057.62244237	703.435668697	1143.21588643	11590.9397993	False
0.063384948208	7288.14483679	74206.2306023	81.2209410965	1101.36445336	753.836697601	1140.44616105	10276.967176	False
0.0650876229136	26945.8564565	101260.823786	81.0999696432	1057.26024193	739.867857323	1601.36231272	11866.2016798	False
0.0612199640181	47095.3393406	73084.697721	75.3667330932	1099.03206759	735.241656627	1658.61720467	10046.7006904	False
0.0798663257176	1499.277436	105974.586846	69.7810843637	1107.97142402	754.110369989	1169.79006582	10983.2463545	False
0.10482940411	17723.1507397	92004.1019591	91.401785439	990.488020318	782.290943324	1475.00907655	11956.0853201	False
0.0535196256232	24802.8168711	114841.82166	101.157883762	1036.43318474	757.508851218	1148.00099523	10056.2817498	False
0.0829802219436	14989.6185315	76632.9614876	96.3749001647	1086.28771117	703.66457871	1169.18803405	10540.181665	False
0.0725440823454	20845.9849716	66832.0397297	94.8793524444	1036.19456481	738.72716591	1395.46281714	9874.04981318	False
0.121746222543	10268.9774856	88486.7849309	106.674086011	1025.19709426	783.773983351	1491.7500517	11570.3627079	False
0.13928535857	41420.3586379	81342.4832223	88.1357898688	1096.06122586	732.211701463	1120.23499575	10575.1995792	False
0.146775233464	7765.71865995	109978.218187	115.993743619	998.867540589	700.724968118	1231.28530485	12033.0292525	False
0.0969632673951	34297.6122681	105230.02595	114.405825274	1042.32575557	747.938951076	1176.38407536	10194.9104608	False
0.0653093852654	13425.8167575	66394.6669504	108.366952936	1057.4150687	813.132510829	1548.62993691	11611.5336782	False
0.0522793951788	31059.6890843	70429.2117158	92.6988638086	997.328258152	755.070385003	1617.0121596	11745.8309581	False
0.131505973359	44879.2368789	64238.4483539	76.4177464722	1029.42243222	770.659573069	1242.42754806	10787.1651314	False
0.147865215342	40708.1919876	77246.1372467	70.3698346118	1011.32723394	717.80579943	1370.42832423	11451.1659691	False
0.0640839917811	8456.19320142	104050.225922	113.836807028	1016.59022663	752.635529717	1414.54768775	11178.814947	False
0.137866412763	24965.7685561	87549.8160001	78.5907605786	1081.36557961	774.343797281	1167.09149437	11821.9764297	False
0.141810097557	20556.8700604	83304.0910664	111.379967731	1004.07008428	779.925193005	1241.83047569	10282.1792217	False
0.137993254188	5757.46897951	108107.549463	94.0307444996	1090.43358224	740.660533549	1197.0676157	10921.7443468	False
0.0545204458181	4812.15219118	78655.0110351	103.640165208	1080.98544216	764.483440394	1319.01122341	11136.0231239	False
0.0803593361887	48806.2592193	91735.5057886	107.357190524	1018.23422325	751.819162167	1358.23128438	10042.8513086	False
0.115209894656	41223.2714867	78446.3998883	113.705373725	1101.57364614	778.913841041	1499.94148263	10918.8015721	False
0.0948464291317	42185.4710715	72636.1737801	91.8623130999	1102.46832822	813.900488242	1477.81336666	12037.179312	False
0.0927296302931	42737.9525288	86687.6516577	96.2747812778	1047.03033133	787.717061259	1202.93475731	10189.3508038	False
0.113196464878	43571.3680183	87687.1792269	87.7928023224	1059.42624308	764.762365078	1143.34683226	11400.9718992	False
0.110997095556	1284.04541903	100147.31652	106.384104312	1014.64765462	728.526289094	1335.60745079	10096.2603127	False
0.134794896179	41388.1790837	76214.2346462	99.6081316768	1019.2308843	707.342313974	1503.88820546	11977.5624072	False
0.0972522030927	37032.0980559	82919.1608558	105.325273459	1015.20205876	808.538810797	1309.93803425	10079.991589	False
0.0843352434259	3255.98139106	86754.6834728	67.8876081513	1026.21385819	796.156963164	1387.43404341	10980.7238129	False
0.140223384621	39468.4607791	106362.796642	113.327491218	1086.97324062	703.231712744	1613.54379533	10099.9034218	False
0.0870378839504	45231.8045713	78523.2028569	87.9526027056	1068.67611451	735.689488402	1247.99907596	10072.8726831	False
0.0518706664016	47977.441444	100694.734542	64.9775064212	1038.47049717	718.515590192	1300.77722979	11864.0811085	False
0.082607385493	48911.5174975	87636.4727358	88.4045327777	1031.32406248	812.440561168	1150.86976655	10490.8443637	False
0.0899835380868	16522.9856317	73448.2085844	113.174487406	1102.32531299	800.4397563	1313.28787138	10153.2991524	False
0.105847024276	9677.05300181	75000.9951355	115.87119009	1002.53884097	729.643694083	1653.28014618	9857.77231199	False
0.0713074837013	39846.2036463	87720.1452422	105.641157428	1019.79977463	797.272244065	1519.28476244	11330.7187655	False
0.101669601764	29851.940761	76428.9169373	88.6951795252	1092.38012377	723.326316293	1624.71461599	11814.5622233	False
0.106259674402	43196.6555428	99781.9011847	87.3933430451	1106.31144177	708.09669553	1354.35102987	11235.1140102	False
0.0616125585723	17025.3897707	92234.4618454	81.5662676764	993.850440722	764.136879127	1350.17499659	11730.4801507	False
0.122516507452	43662.1857782	101019.030509	67.1528978489	1103.04549968	780.463183841	1461.90185904	11417.7183195	False
0.135882511341	25484.5345089	71511.5280687	87.2794625252	1077.64189968	777.936211895	1408.83250223	11434.3527403	False
0.0882428732807	29213.1312556	97310.1260433	90.3210305619	1090.62896059	737.437383146	1120.71935979	10333.3742221	False
0.0951269342607	45354.2074088	65312.4018792	111.754204362	1009.48485115	800.640657104	1590.30140595	10127.5118449	False
0.115071734422	44643.0578953	92792.7376851	85.2588231134	1000.09342118	725.837966757	1353.2025633	10511.0633067	False
0.102725040514	32931.9040295	82114.8211876	99.0401928634	1050.58148289	708.178248112	1475.15264746	10548.1635427	False
0.0763435913758	47285.0303205	74107.2936445	72.585307033	1040.03008024	710.451037618	1145.08379683	11844.2761482	False
0.103175635829	10087.4645391	63208.515812	80.0747396373	999.669207373	727.359339483	1357.973419	11789.4882743	False
0.111281061389	42306.3570071	96856.7067275	78.7734089935	1092.57024435	767.708571244	1121.74273641	11141.8045971	False
0.0691541504841	46234.2870952	90588.7326766	103.886390491	995.340893649	742.439661353	1348.30381486	11553.9004763	False
0.0922470417239	49166.871027	90113.5893409	93.5664096723	1093.23372661	707.588451248	1447.6925226	11623.2650297	False
0.103662441674	44885.291518	106691.192529	65.3441313888	1093.73010409	750.123415547	1562.81699699	11424.0496734	False
0.095912383064	27172.3609702	83575.2017732	88.5982782162	1101.85635593	766.915507958	1158.39299579	10962.3699869	False
0.0706351039319	4474.51033667	91583.2941377	81.2868711682	1072.02691673	714.844335378	1609.92135527	10782.439585	False
0.060046721432	34734.8581095	72174.2267991	78.3873548773	1046.42554035	740.988510503	1297.36426152	11513.8085844	False
0.132865605273	6649.67496393	67952.1844999	81.9603786623	1094.83537348	787.089767342	1224.64182395	10611.9493428	False
0.108808161745	32890.6073231	66911.6985103	98.2997401938	1042.49434768	745.478598053	1146.43868188	10537.685618	False
0.142125986119	35743.9493668	80649.0219023	112.097922618	1028.28829094	811.28554163	1415.91108683	10137.8482722	False
0.0803134391471	29350.7998527	79581.8514398	76.2873791211	1097.40543325	743.144991723	1137.94129607	10392.7970455	False
0.0918687512052	37520.089891	107615.164004	79.681925997	1005.74012206	711.758034353	1373.53020844	10951.0196091	False
0.0602059564944	20378.381797	109691.471703	106.508115093	1100.03018362	729.760564147	1273.88753495	10902.0682012	False
0.0840776788292	41743.3880621	108137.183061	103.588550352	1088.32069364	737.00873705	1639.30725951	11066.1350658	False
0.0744738741945	40964.4820861	74510.4992711	87.303629765	994.767753207	787.337694347	1520.00995523	10198.4908475	False
0.145616539419	41051.2929486	76363.6872666	88.4673508076	1040.28220357	733.494171773	1122.45525541	10801.9215953	False
0.121900108878	3548.2210535	68282.7672163	75.5078394927	1082.65724892	781.620269236	1520.89629942	11757.1435668	False
0.12636948755	21188.4013599	87790.4394231	88.8429638395	1084.09178585	711.636098179	1583.53767835	10790.7935487	False
0.133961237911	1391.39888659	111020.273735	74.7608367136	1080.08754907	751.970670131	1324.80100646	10067.2351869	False
0.0503550396672	40060.305168	63400.1200499	85.3823568141	1036.35918254	788.575471949	1253.60291685	11877.9856376	False
0.0818009205723	38047.6665993	101436.517859	85.9597313814	1008.53575286	707.742567296	1561.53062025	10194.071521	False
0.112971243338	9742.36927407	89604.5290499	86.6139068293	1015.85433883	729.129205923	1260.6278439	10066.610971	False
0.0584728585899	4397.0919419	86818.5703951	98.3330757765	1078.15788188	797.474550236	1216.39730082	10853.7471615	False
0.116122687519	27063.9686669	68630.7375496	98.9793188298	1107.73746092	783.427952927	1574.46293617	11865.6415026	False
0.0677241400472	35438.345773	91524.2333132	79.6186208311	1096.95726197	810.356035639	1656.84352986	11236.8818051	False
0.105786293222	48953.0619154	85643.1341275	78.4691830295	1016.05155413	787.420820868	1213.42797845	9909.31834307	False
0.13029731007	39627.8901073	67845.6684541	65.4994337037	1038.92596761	717.770849992	1459.42311892	11609.4421901	False
0.096515293975	25134.3591845	64547.6947231	100.051813586	1016.7902931	772.712398254	1174.99926895	11064.0974423	False
0.0567733449202	31270.6488141	83098.0421201	106.86750722	1077.15143737	760.266485789	1343.10503167	11398.0262262	False
0.0760722516437	49270.6264763	82107.1153309	101.915615275	1003.69888508	726.873837717	1303.68794151	11879.9424295	False
0.111214001461	3482.00426199	74390.6421889	65.5794170544	1006.80354413	782.33420619	1548.96782236	11655.2010569	False
0.125320643668	36555.6100302	78260.2795758	84.9100634373	990.038061767	776.611141986	1363.37789149	11151.5146531	False
0.147327837547	47710.9544201	95626.0518081	64.3237697047	1032.56630909	712.99706567	1630.25042421	11291.914536	False
0.102042326391	18201.0087192	71639.1048119	107.254448098	1100.42831703	704.286380638	1222.26094982	11789.5526037	False
0.138646348698	32051.1453705	114154.025126	64.0220068014	1068.02490517	708.88665357	1133.98882753	11504.0220049	False
0.071732051547	691.814300209	81235.2828736	70.9249204916	1041.65965988	715.120829066	1263.29119553	10968.0819783	False
0.112373147402	46921.4897171	110715.318763	99.48490037	1017.3471308	725.005462367	1665.69922355	11481.5981657	False
0.0654013787988	8171.54630105	69478.075908	76.8313507312	1109.59306311	734.357355002	1410.94972436	11838.0635276	False
0.138312266701	40534.6746743	72876.5836876	73.5794303222	1003.30455718	818.658284253	1544.26621904	10935.9700761	False
0.0880239480835	8541.18628574	73682.6871219	84.3839336369	1072.51596639	809.470164171	1665.24050391	11566.9213208	False
0.0526857406084	46003.2808873	97225.0869891	106.044666588	1002.21506725	776.710430031	1459.03239477	10563.0728912	False
0.109344718692	32517.0379237	76133.115001	105.457919913	1011.27541667	786.375802905	1454.56739009	11484.3272264	False
0.103113801954	8487.24355636	107487.022661	69.0940663494	1104.76899016	752.501252024	1279.80886974	11213.172802	False
0.10422182097	10573.6610745	77919.0913838	109.073121045	1091.64328837	763.679229271	1575.35719903	11094.0347388	False
0.112530854567	47627.167537	99703.9012942	65.0395361394	1108.48631073	762.78587953	1365.1861887	11708.3983255	False
0.101660512205	5697.49446637	73973.6850271	104.040978381	1033.08428771	737.763824316	1502.79028375	11998.3672765	False
0.0793712486144	31689.4575808	112783.62479	98.0639843139	1075.79239846	723.517787255	1407.66379335	10696.2714299	False
0.0726646187253	6283.12661419	106720.125138	68.5343088997	993.164027864	728.331894986	1595.58806861	10169.5882994	False
0.0754953212031	2793.78207092	91086.3913656	97.0429538713	999.094331538	747.760238893	1210.77174196	10440.6168032	False
0.0570334276021	27717.1504925	115507.843918	81.4437873159	1024.32249428	704.131257286	1163.07656798	10937.3191687	False
0.135726947764	35545.1653234	89743.1657972	95.5539993507	1039.36603786	724.86771331	1207.01668902	11460.5305556	False
0.0989359838791	33981.5154749	66211.207781	71.8594030215	1086.61118086	793.83346202	1655.97922615	11859.1867174	False
0.059007994906	3998.09497284	112245.968577	90.9542487344	994.579575971	747.216893012	1238.76555171	11384.0425191	False
0.0732797702468	47240.7764897	111818.011621	95.9978823834	1029.17756825	704.651607603	1246.75702443	11356.1138884	False
0.086360422972	18357.2348267	81611.8307109	100.875573353	1086.83568257	711.56497102	1518.25670152	10525.087868	False
0.140262276037	36054.5457551	92489.2786156	88.9876017225	1045.87071807	793.943300404	1379.06440596	9998.91130746	False
0.0979510799763	42172.1370364	113882.699368	93.0141647739	1108.03563628	815.323097236	1312.79550732	11261.1244693	False
0.0632195061757	14460.2677965	109186.340369	75.332326403	1000.63803658	762.888255569	1211.05127816	10161.5195717	False
0.103028142562	20700.7663618	113023.910337	85.8649131165	1053.31634807	769.139217336	1410.00158212	11817.1435241	False
0.123489238238	9149.85616671	106228.97384	75.0928913997	1045.43812754	790.524012882	1384.58698676	11192.3522022	False
0.0871360635408	16230.3278978	67112.1618361	79.2994170732	1107.6140027	789.791837911	1604.84019789	10270.675937	False
0.141461075995	24865.2485278	76839.8404804	105.615669331	1077.48480852	744.133141983	1329.62553232	11536.1248491	False
0.0928219725309	34100.327011	90336.8542252	72.83138272	1064.4940882	794.918821753	1327.87826925	11089.5858441	False
0.137827172255	46089.4662759	114551.832531	64.7382293336	1077.27673772	785.700226889	1396.5082587	12005.1126567	False
0.0541065569805	5514.64814579	91803.3150718	105.02430709	1047.66214244	708.443330576	1358.80754262	10985.1091469	False
0.088688262134	43119.4326519	82359.9984459	108.277070177	1082.11203578	753.018457106	1388.06199091	10217.1508911	False
0.148623492055	4964.60548175	64417.797523	114.757402992	1060.82311903	764.959349783	1382.54862602	10231.1971177	False
0.138978150034	34180.6541324	91288.0426273	64.9096845367	1071.11401233	786.596440742	1501.29593062	9895.02740058	False
0.0811438928047	20569.4365976	85499.4858616	81.3129319355	997.01706417	814.570861681	1558.04258282	10909.9744526	False
0.0914470203796	23367.1687413	71119.7037928	95.6829200337	993.51670162	766.838771571	1606.42206832	11703.211342	False
0.0891888719173	40991.4030382	99961.8989051	87.7431171806	1055.44790071	758.254297275	1576.61837947	11194.6343494	False
0.0928967896853	11678.1203596	110364.918922	70.8269242396	1014.93253985	759.44656196	1398.34757325	11206.4535403	False
0.0993273705559	18184.400687	82774.5061627	63.4071073891	1065.74489182	792.735920362	1204.4626796	12035.5367516	False
0.0805597161273	22197.0933471	103733.610172	82.0957313493	1007.26353227	795.663044331	1177.03045833	11448.6442703	False
0.143863838162	19356.3513912	111147.135689	92.623840267	1036.95750549	798.36636055	1256.48577115	9913.86719069	False
0.110597244427	23222.5229882	64745.4080544	88.9683205498	1101.90195024	762.580014395	1288.10567115	10331.6879356	False
0.0608445082702	32296.1124302	81307.6905737	83.2126458608	1078.54898863	715.506037471	1132.95387537	10117.7406837	False
0.0627374115221	21449.9094024	111963.696827	108.296622435	992.311096933	805.11291786	1277.9285387	10629.8950573	False
0.071400398657	7326.48171151	108413.412638	65.0782793971	1001.44029461	751.417410716	1204.55107141	10881.3097453	False
0.0635329202202	24619.1471615	75795.350848	63.7308457023	1093.69626338	764.00076511	1525.19663571	10819.0119205	False
0.113951452794	29570.2314562	80121.020809	89.8238632511	1060.51009534	780.364012565	1295.04917092	10566.0125829	False
0.144782935771	9079.93895985	70862.5146601	68.803976666	994.292822975	808.355826233	1136.37005044	10275.6037166	False
0.110218222751	500.494666737	63731.4908178	104.447560985	991.904704191	705.199535401	1351.44079356	10177.9550773	False
0.133402083904	9861.43571982	101777.55035	76.7184781917	1043.90319808	796.642505838	1255.23468516	10115.3761771	False
0.104377056883	4630.09404026	82233.1918784	84.1295548887	1045.17253538	712.385331376	1323.98991375	11794.2004383	False
0.102318090885	16566.3168657	99903.8417005	112.974177769	1108.27982218	739.091636251	1320.29971653	11289.1767394	False
0.11849909484	33245.3820109	83968.0108562	69.2281723395	1007.15313989	796.413670749	1494.65093184	11804.8865025	False
0.0868637137072	43845.1144815	70160.2849275	88.7913396742	992.936437303	726.720869143	1625.69185333	10777.7306614	False
0.0718914490376	30835.0547535	115454.828126	92.4926377997	1004.53534544	716.375567087	1416.56423782	11242.2829265	False
0.0656321820842	18078.9485008	114036.361379	108.405756957	1015.00200058	746.548391049	1229.59054135	11979.3311707	False
0.123551421723	14160.4466526	82273.6433756	71.3750425379	1064.51162915	707.011953736	1508.43551307	10295.4853212	False
0.121178446081	42689.3025919	89065.0837117	83.7689764409	1030.47481088	812.826100147	1587.51543425	10015.5482833	False
0.0516977510189	22762.0165961	110944.023722	79.2290659082	1010.11009374	735.987701114	1655.56520176	10555.2722931	False
0.11101547996	46364.2036042	74687.8521916	80.3977633615	1102.05905815	778.381594813	1663.50830123	10680.0437675	False
0.0912124914712	33212.1900199	83896.0789417	110.487347298	1106.55608089	770.716132532	1252.01792902	11601.019086	False
0.143486884617	28666.1528482	74738.7571201	94.4930136171	1033.25194368	721.965799502	1422.23562414	11870.9579381	False
0.147704636982	34953.6612307	72975.4025525	104.188563495	1024.22578161	786.096014847	1271.094317	10443.5569244	False
0.130238895381	38600.4126611	114927.331792	93.1107771839	1061.56886955	758.745026488	1343.03309097	11765.0330802	False
0.0846582105647	32234.9421856	85190.8951605	71.9922779074	1059.76170547	805.410418059	1567.74211684	10298.2936751	False
0.111856215002	29515.0310212	81064.3639337	70.5888402588	1036.59341494	747.185697498	1171.82360346	10596.5378554	False
0.0569059476375	15994.187017	108039.430667	83.4370883854	996.188666143	785.54832543	1182.37310265	9855.0816723	False
0.0617385507481	41934.0976153	81388.4286237	97.6153031063	1063.60704378	803.368248059	1490.34418271	10840.1583904	False
0.14380110473	19982.2657211	64976.1118267	96.1852250647	1033.48409303	783.307165482	1563.09165758	10825.6667015	False
0.08486047333	38810.0708852	108190.198605	90.0774504732	1099.67160921	758.98431509	1554.11678891	10812.0080781	False
0.133617546821	15676.7426281	100167.069338	86.0243528965	1070.41228275	794.444657292	1171.51878405	10893.1463261	False
0.0961993461409	41773.7508099	114969.326151	107.078382864	1055.79012446	722.359132559	1175.72887852	11470.2468311	False
0.120709727461	49514.5472181	84027.122843	93.6590429905	1038.2184401	762.185127841	1183.39222841	10876.7737966	False
0.101156436294	970.071017426	86514.8577496	85.4904112364	1103.15105704	813.034984563	1527.43978096	10518.3672125	False
0.0515452521837	39220.093713	98152.4180909	84.6825626435	1084.58603401	789.150615097	1268.42880252	10126.8835913	False
0.0784669241407	35476.4641295	79874.5881214	104.922286793	1108.83111613	807.46382284	1647.37284637	11456.462347	False
0.0878229902024	1688.06228032	66172.0456731	81.1766755902	1003.71784213	701.107078853	1468.77536041	10584.8608311	False
0.117868295005	3309.084271	103068.709671	111.571522878	1042.54154336	700.976486297	1123.43993323	11908.3277816	False
0.0874967452559	29885.9743839	85804.1504505	72.0594752885	1057.15151917	737.670481276	1542.31473001	11147.1537414	False
0.147167832258	29665.5218416	91480.3923041	87.0036327141	1075.16480046	721.175290993	1453.01147453	11419.7204035	False
0.123285689767	28556.9960202	106501.518694	89.9122328587	1035.01686544	789.499507773	1379.72436884	10448.0888614	False
0.10888815021	14234.7191188	83222.3324726	106.016447296	1048.15864933	797.507851242	1362.49058416	10103.4109605	False
0.0686807161132	5489.64364306	93857.5301227	63.4507461709	1005.6520805	808.272624415	1156.10329265	10488.1820783	False
0.0852165743373	31868.9742016	77384.9161302	111.865832904	991.24066249	704.942784908	1556.97493759	10635.6935037	False
0.0637569040092	44335.0004526	101482.413439	115.921231959	1092.82611842	733.741978521	1488.57135079	11664.8879831	False
0.115373876141	21675.3185623	105780.280037	73.5307716234	1051.45192208	783.017342497	1282.2885459	10346.3520703	False
0.0931314468878	49427.3578719	88855.1662628	67.5714703163	1078.25753304	756.02612735	1185.9792258	10175.3872276	False
0.0911247001053	16291.9667012	107529.301552	64.8945173963	1045.25396679	733.97010502	1205.61800647	11753.2247641	False
0.11952605924	25391.3489759	99651.1175278	93.1741338156	1056.71026289	705.649523274	1239.86392808	10417.1954009	False
0.126853209121	24061.769189	108641.884922	105.94791257	1035.93786115	726.90406537	1580.52532201	9877.9164345	False
0.134048585539	6004.52481615	96052.4766166	79.1058708164	995.114340348	792.695884209	1581.72450049	11347.8494181	False
0.0991875107019	33578.2770027	102382.134579	64.5043589357	1027.95999997	784.764581876	1536.11749312	10735.8661425	False
0.125040075267	30596.6947496	96019.8622511	115.529155724	1037.85270084	706.760295945	1241.26670576	11744.6477185	False
0.0683838368176	4058.66797137	107047.686297	114.255854122	1038.50816592	710.271462614	1292.84522655	11017.3451422	False
0.075367720894	49349.2019661	90389.0804653	102.725503037	1069.34771363	724.493904267	1642.00432166	11926.7110675	False
0.0736443532467	13832.7783477	72264.4132196	78.3066125938	994.664292668	808.472125525	1328.65097032	11901.4354475	False
0.0639008316935	26607.9794325	69172.7238017	104.508915919	1013.35063221	734.841706806	1216.01535554	10011.0007902	False
0.120221951356	23633.9729555	66988.2869263	101.249589179	996.750716061	777.624075802	1626.35805471	11597.4970812	False
0.0652480376139	1865.84888552	85065.3254684	85.1399961433	1041.30967472	780.0739721	1514.05380425	9964.67142152	False
0.147101411704	33645.9281907	77323.7464038	68.6892444399	1019.43145092	727.685643713	1220.30292604	10372.9362277	False
0.0592568986869	43881.0254307	95909.6652944	110.530715743	1071.66739834	793.545965896	1485.16035013	10852.9040809	False
0.053640287621	6826.76799696	80696.02574	96.5076888583	1069.50408791	788.379877082	1444.59320204	11681.2368939	False
0.128202772544	38679.7545162	70982.1700105	103.817492365	1005.12428309	731.910932454	1565.39876605	11380.8942302	False
0.133013828977	45171.8372689	102036.449897	69.1696730059	1026.31580621	775.420279897	1133.27341213	11725.872397	False
0.134322151163	12953.1558818	64694.483307	81.0294895229	1100.57252122	774.521041823	1209.01696399	11618.7443397	False
0.0893926995014	41536.7161691	63556.2914834	97.7240322686	1035.54749269	723.959592429	1312.10157303	10668.7970049	False
0.146233587481	19235.8969855	112127.431368	104.126903769	1022.38686666	717.426186132	1356.83895393	10107.4211302	False
0.118971027135	44390.1297857	97801.1025422	74.0394979212	1043.44647553	732.497546254	1318.68173783	10621.5899868	False
0.100817509771	16883.3688214	74884.1279946	115.038908432	1008.37216725	744.770292376	1413.53607746	12039.3238623	False
0.0544766187019	10139.1154797	71389.4661522	84.1793945354	1001.79633514	799.77396494	1191.72402091	11779.8724139	False
0.0909678211268	24778.615471	113308.364847	96.5858801844	1027.56174899	768.66885971	1563.74743425	10464.8223743	False
0.0658119556467	28125.9799828	70245.2767131	76.9634285948	1043.08144268	724.773804087	1519.8610684	11390.2575657	False
0.103670298908	2906.75665769	94927.5296436	72.0185682429	1086.52012419	805.813746234	1433.06740183	10648.1758012	False
0.128548779174	25869.9852152	93909.1839871	77.0577987575	1089.23861876	791.995521543	1579.51413226	11724.0546337	False
0.120333009795	49936.6534496	71734.2968056	109.366484174	1037.21097195	713.884782954	1555.46924841	10939.6925718	False
0.129600188839	2853.76901214	83183.945015	83.7044216906	997.497226369	704.736302177	1501.26342255	11233.7005306	False
0.076425245105	38246.4431141	97631.6805849	81.5738359643	994.910925899	736.6347388	1627.97471693	11693.4116206	False
0.0971251720888	17521.6595937	67909.2263327	82.3066887145	1010.20291373	748.604072535	1321.01322753	9901.44126038	False
0.126575081072	17421.7538802	112967.176629	107.552492698	1018.85160111	816.361704059	1457.72975831	10264.0681916	False
0.103775585725	36903.2736065	95715.9725466	77.7314422952	996.295606661	728.055404524	1502.05765203	11345.0769801	False
0.0876453658935	22354.5445564	67345.4468902	88.7447423355	1078.70564479	700.370757423	1308.75958881	12041.9310031	False
0.138769606725	14906.1162153	92282.042073	86.0797508994	1086.03035919	778.572220435	1660.79194573	9975.26555747	False
0.0972117166072	7187.7210488	85240.8534203	97.9156218367	1093.97690059	735.363788474	1499.62938642	11604.9125173	False
0.115590136565	24145.3978775	84132.3993232	89.3393426303	1005.54785657	710.88799641	1180.17802254	10741.3737028	False
0.0844364749371	21484.2941417	110777.283612	82.6542265991	1028.99958461	741.052190508	1267.90364753	9979.99327646	False
0.0519967134717	10030.8179088	82964.8043599	99.3160096745	1022.65977504	760.336753732	1493.66020876	9892.08384244	False
0.0728358634697	15315.5899138	111343.946032	75.2031090472	1009.67141081	802.194141519	1468.09090246	11110.2971298	False
0.140955351365	35231.1603848	112171.643377	91.6700054209	1053.14017258	773.226080773	1431.64782991	10058.4510693	False
0.122820321985	38189.7399384	84567.4759604	84.6252813113	1063.15513338	819.635833861	1187.51312013	10675.3671232	False
0.0759698431478	32832.2492397	93631.0740573	88.1548549042	1035.16285236	713.587581083	1664.13104591	11545.875904	False
0.141631487096	36413.4447918	69789.5708256	94.6804773588	994.891145071	797.926640946	1534.01186051	9948.23916785	False
0.137037792061	3740.49113728	83001.5431356	84.5131465697	1011.6346646	798.631288973	1304.94333699	10035.279635	False
0.0970535380201	29745.9106619	80959.3232287	102.348365604	1105.10477058	733.308556085	1294.84858349	11771.8938	False
0.147591166071	16265.7172622	114178.504351	104.944888683	1016.8548156	731.680326663	1275.73590518	11620.0256676	False
0.0786850445622	28007.5061452	99472.2116051	104.094492225	1097.2413175	721.737607304	1503.45209551	11522.9680631	False
0.0603448973434	13405.120902	114398.500729	73.8528694135	1100.22374958	772.349148689	1374.98289059	11646.4356428	False
0.146842660625	2138.38939234	82609.5241323	70.0218168148	1099.86578026	716.828072083	1496.63052868	9867.62455113	False
0.144487355376	41610.9577677	69201.8187229	80.8214250725	1006.78933633	798.178908051	1592.20260194	11640.120056	False
0.0964228595818	23079.4444115	83131.0656058	65.2538984453	1076.51559154	749.697594973	1244.86800246	11106.0295436	False
0.0644518025741	33129.2176494	73780.5449839	66.2644504766	1026.0125574	702.289921673	1512.26318715	10773.9029838	False
0.12611267058	20036.952517	74273.4198029	88.3511568428	1065.9172397	721.444065929	1349.33718499	11086.7551483	False
0.143210210709	18579.4964561	78862.3634373	106.956064312	1101.70249048	704.029967391	1539.9061326	10450.3462357	False
0.0833841684078	48124.8347704	106987.921307	83.7760149105	1009.23144431	748.224348971	1429.31964108	10349.0890602	False
0.125177860599	43363.7343625	78730.0495382	101.788022956	1085.58539633	771.174815409	1568.4571655	11654.1502485	False
0.0978922823502	8396.00999435	100752.414091	91.0718556671	1047.56381386	702.947699821	1147.51645624	10273.3047946	False
0.118125940277	14366.59366	94850.5281518	76.655634051	1090.24508226	701.667701242	1650.56231205	9907.19768397	False
0.0851589498534	46837.3741224	80417.2652334	86.2986703508	1042.91037922	742.894276113	1121.37138932	11577.057437	False
0.101037285065	35865.2440606	82762.1287172	70.2237107894	1064.83253881	809.743294803	1188.70889064	11464.9894684	False
0.133241854986	29759.7650513	100879.129852	103.099962856	1046.80072758	720.923516611	1150.4972132	11417.1777242	False
0.0899099999907	4168.9246744	82695.0159105	94.3217392843	1108.5766704	810.703862087	1356.3069546	11887.4073663	False
0.0752271882752	13168.7835252	73303.6778597	110.057093897	1054.40003837	703.139242653	1261.66291478	10644.4753601	False
0.115875476879	37847.5307018	92059.4592842	103.3868543	1102.69086834	780.110965842	1126.32112461	11024.7513146	False
0.0738629716547	40278.4627196	68956.9086202	101.482989448	1098.62572566	793.624683679	1307.08067444	10098.9496539	False
0.143350825157	28327.1299667	101699.886953	103.718490927	1008.28075351	785.300387339	1580.03479658	11775.1811122	False
0.141137088249	5610.07068285	84831.2135813	73.4886564861	1049.70092343	729.599014064	1392.05215781	11220.2304281	False
0.0758799377413	46104.7070087	78762.6406095	64.4361165027	1068.39193333	781.097910862	1157.0919602	11672.0704207	False
0.133298691933	48084.156985	101599.425835	90.7451790927	1094.41803254	709.476371883	1545.14177664	10269.1848244	False
0.122693787	28948.3725277	76382.0419508	77.3602556375	1109.71087004	700.509780792	1323.49035694	11639.7203222	False
0.0814922365695	39027.0827556	65864.8538469	79.9681726803	1079.78011158	808.069325723	1304.43471898	10266.5034763	False
0.143989880748	5392.78835882	89555.2948116	78.3510270353	1018.09614206	783.986551859	1367.29114669	10072.007197	False
0.0762882751081	6957.49336688	75688.9273171	111.130031856	1034.21962333	775.972387242	1516.29437539	10701.247451	False
0.0515902685383	23507.8343984	82164.9229627	80.4648741075	1067.98627272	715.052270616	1312.36893258	11182.7652033	False
0.114606495831	45788.5627657	112616.442041	91.0356496078	1060.30797264	715.346351917	1421.0698662	11871.6732428	False
0.0677704804055	35607.5988735	110284.733611	82.9669836539	1019.68236177	755.715526887	1508.84263164	9881.6152053	False
0.0819920606312	16689.4299666	109552.300488	114.639587605	1008.0159908	706.81051892	1401.72520203	9879.56697382	False
0.119421398854	42591.5607796	93376.020411	73.7969809399	1094.56057504	705.073168361	1332.87278527	11291.2505586	False
0.0645820819087	24679.6922218	70678.5272841	96.7659942068	1055.31411431	709.370681024	1236.3032174	9947.21074038	False
0.0863262109278	46497.70352	94331.4747987	101.377452962	1005.30340171	778.04635077	1460.44861807	11302.7962505	False
0.102936096822	27278.9919339	75555.7105828	82.5468411811	1052.77529264	750.043658503	1448.71522099	11244.1392687	False
0.0954826951738	42989.5963454	95039.9140078	113.307858305	1052.856428	727.944037067	1127.56238871	11369.5165355	False
0.0730553195964	12783.4747977	92731.920936	91.2962260695	1098.50157038	776.048308663	1430.5053086	10580.0150227	False
0.112275992525	48542.2549537	75188.783592	93.3187902647	1007.97973918	780.966682843	1149.61052242	11673.3001547	False
0.111469982682	16900.863019	89088.8260503	103.148411451	995.983167965	757.432343068	1138.83243535	11783.3312657	False
0.132283965756	26138.3517693	76749.7029035	84.5445101019	1093.88689663	757.14066646	1543.04509372	9992.86160133	False
0.0866764018507	15650.6292138	76089.6478372	105.525054133	1103.32438518	759.70723332	1632.01539518	11599.0492784	False
0.0682242357188	16735.1157702	81049.7687745	70.9776707313	1012.11417486	752.212433066	1423.52956676	10832.2388305	False
0.137172280865	27945.7793166	64614.9499741	111.463693833	1022.52990278	775.015462806	1410.61708426	10433.0784087	False
0.107795677933	1333.62410453	110021.134209	110.098813892	1087.15076506	738.680006491	1544.8727067	11229.0778151	False
0.148580471634	4341.18295999	94212.0722672	109.328450854	991.0279938	771.987774352	1383.84038824	11307.7497313	False
0.0609348970957	31483.4379528	111407.600769	76.4101659784	1075.33186451	810.500914513	1296.73776234	10770.9856562	False
0.12935843012	42335.9689487	64058.8869781	79.8397165863	1041.43666154	793.199917085	1123.05757763	11911.4344904	False
0.148938506422	29129.2550517	91669.4318595	68.1166813552	1051.25268954	787.151772538	1460.09538328	11586.0490252	False
0.0680232687075	13018.0987396	109836.407175	86.1985656423	1061.68697786	770.0704442	1508.12048045	10999.0807714	False
0.0941605062088	45913.6931613	79044.5721693	74.9564807049	990.31342489	709.121615928	1321.63886723	10211.1619571	False
0.125996448766	33858.0938313	86429.9311297	105.731514748	1055.55928398	723.679584193	1232.96087804	11072.6314232	False
0.0558277310165	5349.60662456	85923.7278716	76.3563965992	1105.65170827	761.241447369	1243.36256728	10463.1801215	False
0.0943882371354	20969.4306405	112306.995294	102.30709197	1044.81880519	808.975817208	1329.17032271	10883.1670658	False
0.0838668179885	18326.7203959	99236.4060449	113.437553506	1036.79427117	771.810795201	1570.64596442	10592.1862409	False
0.0896363995061	30040.3834081	84305.1959486	76.0488761946	1093.39132442	805.60181049	1225.50226858	11548.9952888	False
0.105664538469	11924.2939827	104790.937163	74.7001837137	1006.0219039	817.924824245	1630.81731302	10699.8677913	False
0.0771222975389	23000.1960785	96114.8813494	91.1620982631	1063.02417294	790.024947299	1376.6008847	10676.6613964	False
0.133744676195	2951.99727175	84039.9300275	93.8261178185	1096.1977494	739.752982224	1124.12219626	10506.5977699	False
0.0861424312752	10623.295247	79263.2326879	113.615998199	1069.92932016	730.393396819	1568.55594294	10030.1303111	False
0.125393549901	15478.4109747	83530.7578977	97.7982459452	1008.15181024	750.255104096	1213.12739634	10317.6311033	False
0.0646975318159	4721.47887719	68730.3051995	66.0743275465	1028.03956479	722.952498143	1558.72186315	10821.1526229	False
0.0831875704932	22450.9912618	75430.4059516	102.493902266	1053.53477357	719.840533558	1173.51052371	11797.4095198	False
0.0769566957551	48739.6135097	99273.7502462	70.5250669676	1085.28257995	724.162679219	1492.66239688	10713.7169771	False
0.136042579132	7462.76337914	85025.7648669	84.4404934843	1083.31221406	745.996734202	1528.93007784	9996.66031143	False
0.139522476963	39591.6784813	105022.706103	73.0188280655	1061.30760976	733.63383762	1380.81773622	10941.2811502	False
0.120751977382	25832.8849562	114727.34871	80.9417011839	1019.08102688	784.964717439	1301.35246945	11400.1022057	False
0.141176070524	38755.4971153	102664.646306	110.845805434	1040.53306391	744.936585143	1589.34622942	11634.0659953	False
0.0842558525848	47543.780246	112479.703098	106.083945998	1102.14343788	727.116970343	1399.43851146	10534.3566211	False
0.142474198869	16387.8260112	84460.2642882	66.2157022606	1002.82274192	764.65923504	1657.50894041	11554.8027894	False
0.125138868156	21081.4086165	73824.4288423	95.8093570812	1099.70798815	709.201769852	1330.50741333	9969.94316162	False
0.101467398018	44363.4722544	103961.367769	96.6142775689	1073.38384966	720.539170146	1450.50019977	11046.5083865	False
0.107518296575	6523.60749185	74801.339945	115.635317115	1094.0268822	778.813256285	1154.84369179	10479.6501764	False
0.0984439113586	27560.989427	113693.197188	73.8578031786	1037.79468655	814.49220715	1161.42678413	11565.439006	False
0.0538275709234	41240.2667256	115260.739298	87.6829353849	997.137910482	730.014092527	1418.68873141	11078.7422909	False
0.0778433540148	11210.0393521	113848.889104	107.462581092	1085.68911794	785.8025271	1652.57009182	11892.7220925	False
0.134589322192	31158.4270307	72564.342766	89.6744945214	1104.93810155	778.284533637	1679.69931101	11475.2972735	False
0.129454360413	25927.7443107	98801.8206069	87.5806023838	1086.46165164	742.779237491	1423.11715185	10235.3620322	False
0.13947452418	15747.3335411	63161.5115266	86.0113352156	992.187443623	774.27352633	1276.90751941	10290.5720522	False
0.129574870566	23591.4400683	92152.7772389	89.5596011121	992.067948257	763.120602311	1560.61361215	10285.1282908	False
0.0807072840056	17898.3447318	72960.5199541	81.6358670206	996.861999758	736.052321813	1315.30074653	11642.0534776	False
0.143547251016	30931.9207527	85712.0941277	102.980302024	1086.16514088	769.358122682	1532.29606001	9925.27627288	False
0.13835516875	6074.74474111	83724.9328671	97.4816875471	1043.20814168	784.403922261	1271.6636244	11036.8316402	False
0.130404502976	13084.5099997	103502.33758	107.934640121	1097.16418012	796.278218248	1293.98820942	12024.087507	False
0.128346857643	15602.3571059	63508.9663686	102.871128342	1029.59560616	735.453302564	1601.75774444	10208.122221	False
0.0669502838194	14275.8121125	96473.0399093	94.6296782168	1074.27435242	713.125729157	1137.32978831	11377.5493522	False
0.0689399394234	39546.3203758	101343.106832	89.1086766005	1044.17491964	717.048040516	1351.86110986	10683.2738488	False
0.0640322499215	4374.00486004	105207.268861	70.7469289926	1100.9815139	805.702558597	1371.21800151	11287.2231436	False
0.118050389572	22319.9736012	63873.1188203	71.4101124675	1001.8386632	704.37864058	1157.58637633	10870.9045873	False
0.112903405837	4521.12675197	80918.6703391	80.3113340974	1095.48344314	756.376353688	1142.03124226	10314.3878114	False
0.132711034805	15436.7508864	68614.4120003	85.7588049774	1057.37045623	725.909230528	1141.05295434	10930.3765317	False
0.135646330396	28466.9732923	78969.2807886	108.427700777	1048.35754317	806.236372808	1322.99530672	12031.530265	False
0.122374723659	32820.4250885	112744.676	81.8401617609	1019.34861631	756.772125525	1394.59050189	10248.2541101	False
0.107074410036	14517.0649751	85851.2200877	108.894551247	1078.90587154	797.153580154	1139.51156929	10228.9457373	False
0.0701331074674	49098.9970117	87082.3812435	90.7879294885	1081.18803871	773.33904689	1668.98006764	11032.2399319	False
0.0660173250423	33317.1067603	86966.7699305	63.3056722557	1064.64028233	703.715308396	1278.77767261	11839.2952695	False
0.0924532434475	1598.43332298	94283.700548	92.2885691738	1018.47047402	707.605214439	1679.41562343	10287.5217389	False
0.105268595982	35671.3461355	65106.0260942	115.221056333	1101.10718962	777.240989165	1405.18850894	10897.0713418	False
0.0700018920248	43518.175263	77068.7135339	84.9636107697	1060.61592665	734.258323471	1434.79496825	10365.9069255	False
0.147430280526	11844.4685565	87521.7695806	114.984742803	1008.83794101	754.881597345	1235.58690736	11410.9306044	False
0.106926370702	30344.3453051	111215.414719	71.5605504434	997.853496166	814.283958083	1654.29330317	10879.1709632	False
0.106509253704	4685.20386963	80313.5719946	104.235750318	1070.36796116	703.069064278	1327.58611866	10807.4967673	False
0.0592081088613	13041.9390239	98892.3727835	69.3757257569	1054.80684151	788.073285172	1627.07680195	11932.1574525	False
0.144041921903	42408.8428107	85603.2859678	107.931429236	1076.60629457	774.497725022	1269.08665056	10431.5844445	False
0.121453528951	12683.1966675	81895.0738469	114.197866459	1072.16853185	746.188854991	1593.92910915	11543.8607529	False
0.111692420008	22517.5105663	96915.7234648	115.793312237	1078.340151	747.650710889	1455.93956897	11943.8990752	False
0.0697443452529	13531.1373899	68867.7157632	109.709367444	1035.36392302	808.708367266	1331.63756479	11937.2527328	False
0.132469714309	44083.627691	103232.27985	102.772536468	1014.10954064	741.764389057	1566.83691682	10593.3929227	False
0.133496744647	34690.3058358	77106.2948937	100.91681011	1087.90858092	740.767453007	1206.43805111	11580.833772	False
0.100705659148	24574.8160692	93482.8712027	73.4106107009	1017.69628753	731.467426692	1676.07720396	11357.763238	False
0.0520107867228	30810.6111626	89387.2666933	86.9745903978	1084.88212315	721.543505262	1476.1858483	9865.15809172	False
0.117154818024	42949.0785463	93710.728317	104.791411447	1095.51193633	726.206456934	1157.94308916	11427.0678641	False
0.064799810417	19959.0563155	65535.3162358	110.693376027	1021.05975735	819.728876396	1236.88778174	10780.6792781	False
0.0949230336524	27460.6455447	110257.505488	100.246425505	1076.12458782	802.993409956	1182.91148291	11027.2129001	False
0.0967516495244	1139.83077235	79734.6952028	99.7882251246	1035.42906728	817.870410089	1360.06033928	11217.670273	False
0.135177482941	47662.7295084	111462.828604	94.8851182538	1062.36241375	806.497633526	1380.32770501	10204.4120623	False
0.104059751618	13890.2950656	112863.293629	79.4765864681	1007.89954496	702.76528326	1626.17312527	11318.1440359	False
0.131075631834	10321.181908	106102.702104	67.3205597117	1061.88001765	706.108098025	1348.03930976	10053.4584745	False
0.110294536535	19280.8296998	106491.277586	115.439641547	1104.25755243	810.463221691	1139.695462	10357.1992586	False
0.056014243098	23651.5930342	71663.3799732	93.9975498328	1072.64137163	806.855124508	1405.99209575	11006.769386	False
0.0703061513138	34595.297697	96640.8427189	98.6339177864	1053.44177379	803.766378885	1446.50486727	11327.4667236	False
0.0825518841027	31163.3407193	93607.3669113	89.3816053242	1106.95763358	731.896132249	1541.10306589	10442.0344393	False
0.1028762826	8880.4098348	80855.2358193	63.8018869954	1031.23409049	801.511814371	1283.25801178	10243.1741343	False
0.0910641412029	47951.7482302	95971.722752	83.5571895045	998.700802485	715.221420994	1651.24460392	10576.4857032	False
0.108511597325	38207.8517201	66848.6225091	75.4122632641	1066.75657539	718.675290671	1663.05209209	11371.31709	False
0.0671872787459	3344.41801392	107741.766	95.6323861023	1053.74160697	784.282587174	1129.39045091	11285.7989583	False
0.117828776974	44131.7978305	99813.4931905	70.6669666914	1051.3282742	735.172428705	1383.50850965	9899.97749421	False
0.0613694574822	29618.9825395	78321.8579706	95.3191740765	1001.21154917	701.765198708	1397.00643375	10789.2842438	False
0.114361409527	9800.46520603	99571.8620337	109.431838242	1011.96012012	807.35380499	1623.79560855	11574.4527928	False
0.093025073112	12727.1289891	76874.5419779	112.671892826	997.650815795	812.739000119	1194.0505509	10062.7590861	False
0.135344850484	17553.3930285	71027.4885758	95.5281230993	1065.56605522	702.005736927	1218.68921961	9999.45748068	False
0.124115213931	28394.500723	109090.890338	67.9971905698	1037.55767708	720.894954688	1248.64724423	11139.5093336	False
0.0767123282374	3395.20730363	103432.759978	102.218651191	1058.17936579	753.737787252	1495.10908263	10428.4946251	False
0.141748294591	12451.8343949	74651.4213219	104.64463012	1088.20426927	712.094454985	1489.82464697	11394.7083512	False
0.108065851513	21171.8674098	76533.4360813	71.6982316528	990.952158745	748.09895688	1377.14096331	11823.2364037	False
0.140776677642	14046.6934981	69005.9127717	82.3627171087	1043.58268683	755.139467949	1409.64117355	11685.5549802	False
0.0747238635369	21408.0806099	79901.1097415	80.7298731297	1084.4979988	815.708391752	1666.78525192	10452.3426083	False
0.132127226576	28246.0520186	106237.507657	83.3530395837	1033.55804089	709.836070072	1580.68623209	10486.0245225	False
0.0804642371906	26418.4065915	73261.3105753	111.086818547	1099.44771065	798.288692152	1412.2529782	10109.9672541	False
0.0832672090717	18544.6097121	78014.6880231	85.3350128547	1089.91134623	702.874087005	1570.0093379	11230.0839691	False
0.14430426376	2018.14926124	105373.004945	108.571652747	1039.76291264	750.783991033	1424.88553378	10688.0937167	False
0.0681284032508	42099.1882071	96646.944256	109.77327064	1010.75540347	767.389015453	1450.11918273	10706.6539102	False
0.0918106146653	12247.2074703	108202.347279	82.2318708202	1047.3719941	779.165668367	1162.85884786	11694.6284025	False
0.0781759139877	2669.75407549	88614.7481618	81.4256600096	1043.87633717	753.397923296	1610.25349856	11548.0965833	False
0.0931921949612	5223.04573479	108962.185438	75.8722518274	1084.10021704	728.482579023	1307.76275985	11469.9648815	False
0.110503991851	18755.588043	81455.5586658	69.5718133618	1109.28421722	784.146748216	1184.15646636	11241.8972695	False
0.119990306071	29959.6638116	113799.280407	70.4718915618	991.456534129	705.449146058	1509.92931471	10891.3028617	False
0.127446348826	32192.8943132	86877.7507422	97.7640248563	1086.74198525	771.253735367	1504.21909714	10397.1728562	False
0.0749729101588	28350.2245884	65499.4851405	81.7913986332	1048.86754937	736.563046664	1492.18373625	11570.8987132	False
0.121647251693	19629.4681107	89673.5503099	104.875171434	1088.55555022	808.874196709	1124.48463278	11166.6132646	False
0.0663881081864	48352.1063071	77821.0346986	63.9750810018	1109.94286354	773.547372065	1562.03715998	10623.6266781	False
0.122173121123	44477.0044973	112095.375196	92.8462631133	1021.86428622	766.552083974	1327.02212478	11176.1430796	False
0.113631796318	25642.2533143	114362.670153	80.7472499116	1032.1356305	771.318452373	1345.6789795	10398.90353	False
0.119192505177	17896.3186923	95272.9755736	69.1286987588	1089.7605445	714.187777852	1338.05214221	9952.69026696	False
0.143004337105	45486.8062233	88111.4278463	90.3724381279	1047.82581974	733.287012551	1326.42319634	11169.2497265	False
0.0959498241864	18408.5598286	101636.434118	74.5763553343	1109.6228199	714.33720873	1253.30765218	11990.6865045	False
0.0961211775791	676.930284649	80826.5324541	110.569118319	1096.78787932	813.383607293	1259.42966751	10887.8253096	False
0.149496140381	39380.4114547	88417.1121393	78.4402828147	1049.51836024	762.494193266	1623.11240555	10483.5562658	False
0.0530860315006	33795.2510106	97176.4566743	92.4165860776	1044.59284697	787.943552895	1608.2873767	11924.3712831	False
0.149725531502	9383.22200549	89915.0018375	96.8220026784	1107.20214347	751.392113295	1287.37784542	10477.5301064	False
0.0634299585964	49324.0506616	88779.817033	111.909351505	1046.2623171	760.844997877	1449.44873741	10999.4104169	False
0.108597860741	23336.0498773	65601.4165767	65.5647489539	994.439260857	710.006073893	1352.25625005	9961.01269418	False
0.10677107635	21585.485101	92795.5268611	108.231930068	1020.92564939	811.009506466	1522.50816475	10299.2497206	False
0.124800542141	25237.01527	97412.7736215	100.536869164	1040.63576931	739.14515088	1498.4834231	10140.0730951	False
0.139194507011	27602.5617384	91309.6465246	87.5181136824	991.675076603	802.691710786	1432.54691816	11506.4650052	False
0.117038404866	8337.59023785	90159.9508354	81.0733373069	1075.89760772	758.584303057	1661.88647617	11386.9811837	False
0.0662192332453	21130.8847098	90865.491642	114.833042694	992.620409464	805.014964734	1308.52970269	11816.6756208	False
0.149619492821	9945.90547525	99615.2116693	92.2387357522	1062.40877617	775.717943445	1591.19882983	11602.6518455	False
0.143271961133	37091.4395263	88220.5744228	78.2576498909	1104.40127731	728.631875937	1636.72297788	11011.3125108	False
0.0895340551552	35845.8114514	66625.4390037	88.3102087288	1076.05651346	814.691516482	1341.53469478	10899.1149731	False
0.107329293901	28070.8390168	79456.3545427	72.7314989302	1061.47769307	761.127826468	1673.27973065	10345.9017191	False
0.114290260411	25278.4782688	77650.0754525	92.0258628162	1010.4495223	772.46264561	1145.64316356	9912.34768866	False
0.0542619952166	28806.3398984	100228.039938	73.2090758295	1083.26445453	772.540753577	1266.34358041	10842.3809807	False
0.139102874866	31321.6938609	95873.1073355	111.152760948	1067.72843415	701.050778034	1485.5852002	11388.273168	False
0.0810540013951	39762.0767572	90823.1016736	64.2625039989	999.565816977	746.361190781	1290.80915277	11832.5382162	False
0.0595888630252	10049.2606273	98763.0449859	113.095119837	1005.24463556	727.480012645	1563.82106803	11493.9178811	False
0.113692421568	46760.8180532	70336.2427613	99.1822246648	1012.68626961	785.253582797	1295.87591433	10250.7222669	False
0.128068101962	27914.0706533	71876.9975349	108.839494329	1039.96360068	815.056786877	1559.99848721	10325.7228578	False
0.0502472264863	40568.9737333	64906.0518738	85.164048577	1072.42289167	730.894854784	1386.45273967	9937.10124579	False
0.129912582007	22059.8821828	72860.4040906	72.4965148411	1034.45945227	701.490504326	1184.42578042	11801.0376017	False
0.145233860247	26504.9441654	87389.6570285	114.437426542	1073.82228145	777.32813918	1343.92873554	10180.3792424	False
0.0799383767628	43276.4144232	99438.5234238	91.5964285795	1105.26671208	710.136897628	1597.36782238	10095.2133668	False
0.0903713892976	24453.910189	101219.361221	83.8202213202	1065.11816656	800.008955474	1164.94600608	10245.2876791	False
0.107144445179	41710.0169798	108605.227938	93.8017968113	992.896889152	726.047760461	1220.42296883	11627.3215355	False
0.0901757630978	7431.39315015	89857.2513224	68.6485069545	1088.83542757	811.150915478	1150.12436825	11183.8318511	False
0.112712538243	43392.4384749	70010.9834669	101.563823353	1057.78772648	790.143302292	1128.54412608	11254.7599627	False
0.0659509917863	42892.2088332	67021.2650705	75.7590396241	1065.3976156	719.937812231	1467.60769861	10987.7622362	False
0.129704772641	30106.0090536	100586.590689	65.1554509552	1065.04873511	761.042609947	1305.92743844	11583.7289072	False
0.107388548355	8760.08914857	86358.7496957	109.948295028	1018.50935806	707.427322337	1471.18237466	11485.0888435	False
0.0774882150537	37332.6185844	63318.0325527	108.992449886	995.093836511	781.729510374	1240.83947355	11519.4232065	False
0.123615068912	38372.0527893	96430.7086219	98.7236959905	1101.02618683	816.577285036	1439.21030695	10729.8061673	False
0.114080471929	48238.3630761	67378.8467484	72.3169102681	1054.0706589	772.629864793	1481.53238205	10184.7345099	False
0.0997413404858	25885.6585952	64480.6192689	79.538973442	1079.64330297	744.842974001	1643.52073938	11662.1030533	False
0.105546291223	40622.7202648	107964.278322	95.931482119	1022.90789378	730.236657451	1678.18713075	10119.8391878	False
0.104537187791	35257.875819	80480.5244377	100.202466509	999.138854125	774.05154362	1388.57021185	11355.1310585	False
0.136966366445	16441.2087447	105572.172931	86.1298264035	1081.71331046	735.593678504	1473.55100202	11084.7772513	False
0.0854535925367	37544.3615468	110110.471587	77.5697397299	1077.5447843	758.399103199	1620.06302008	10088.3516673	False
0.0778194144554	7716.24419861	109025.895746	74.4746241179	1080.42770077	709.910598533	1321.29673678	10294.629877	False
0.0891052950547	45739.3516478	100524.888246	99.8363552511	1060.06112058	748.414104911	1398.07096245	11732.9719706	False
0.0721107140471	45510.7546069	97732.5666153	85.6424804917	1052.97927724	799.63407958	1274.06792021	10007.7992156	False
0.136610307731	2554.31499356	86152.3229117	111.276309266	1104.88346467	772.022006097	1539.03419413	11861.1725831	False
0.0501262427713	31642.2960084	75041.6805941	93.8857614881	1036.87256941	700.271235755	1667.19954085	11578.383128	False
0.0950257467525	47442.052602	101105.816318	108.183874507	1016.14540831	712.881750637	1303.17201356	12026.1869928	False
0.0850741993496	10839.8345274	86481.1797412	101.673318773	1083.47804306	774.142364008	1384.62942269	11118.8877135	False
0.0610844143965	6303.94003249	107423.667506	93.4082705282	1006.9273441	789.316254017	1233.67598748	11454.3279599	False
0.113789200793	229.344425344	102546.275475	91.8127075998	1024.58874182	795.043291116	1650.7435476	10826.2867858	False
0.134193965878	46046.1969323	82055.5481097	97.3986435186	1096.88668846	745.294190786	1175.4688444	10905.3266292	False
0.0795852527536	41594.3492565	107246.3606	94.2852214188	1105.85050569	765.963200525	1445.42181519	9957.01488503	False
0.0571021855298	28973.7009629	83067.231215	110.945877189	1108.31879068	784.353445992	1199.97463229	10715.7759456	False
0.116927149212	105.512848344	90628.0563962	96.388873279	1106.61858736	773.67190767	1209.9059557	11364.0344375	False
0.117344700306	45965.5401523	71349.0109394	115.164495626	1090.02724709	796.99476559	1414.21494053	12011.9885389	False
0.0879329376284	22496.3260015	83281.5946642	112.172033076	1004.46255869	741.636333148	1555.23514178	11916.8139998	False
0.139379609091	854.340781655	91938.5735746	70.4392884576	1087.59094054	749.255634476	1537.62304139	11508.0539796	False
0.069610522689	10612.4143033	111912.195284	101.877418217	1023.56164153	766.647730917	1364.77888366	11159.0483663	False
0.0716642272616	15695.2141234	97035.3903901	109.399013287	1012.46727738	705.579801607	1656.29605527	11377.0253543	False
0.149165625088	271.292956825	91038.5926973	85.5702590017	1044.23187202	788.290136	1244.46259167	10092.110234	False
0.102414463434	34811.7669822	94046.1028285	86.7755370299	1045.75060007	769.531902027	1516.91190433	10500.6074841	False
0.135091987127	11897.6599776	98628.1546795	109.560986736	1071.47602297	705.927053462	1128.23909453	10633.8592677	False
0.0818474560083	21935.6633033	67152.5858913	103.396660411	1095.78137291	781.973515235	1395.87925732	10031.9557869	False
0.100870763942	14003.1868505	76253.9827084	80.8872255465	1073.59664825	790.444078963	1415.71705187	10133.9321244	False
0.0695575773522	803.555678866	77030.5246215	64.6387607842	1084.2110363	795.471442838	1469.77773864	10516.1819608	False
0.0872488451608	23992.6288292	95397.6329034	64.8495344874	1066.61163183	767.900933206	1640.86656149	11276.842525	False
0.107686978741	13538.0020651	91439.6391491	86.2628906985	1006.21358352	802.200395944	1203.33015096	11119.7461021	False
0.131886903603	22026.2512352	97877.0854776	115.343920291	1014.35408915	804.60065972	1178.1448715	11630.9081805	False
0.064212063229	36360.0951078	93217.0116375	86.5697336201	1047.98516244	716.102877128	1419.33663323	10928.6957272	False
0.12401362194	48962.8877825	100342.48795	83.6101510899	1084.70875661	802.090570883	1515.65231962	10873.8677679	False
0.0723747716002	12116.6424489	82838.5127189	80.4971926882	1051.78883458	797.74061365	1561.45542619	10437.1752991	False
0.057343163928	1967.33191941	103096.700925	77.2637783062	1001.96786271	803.809441918	1675.45362058	10039.5350751	False
0.0551698143076	30269.2906957	100462.696272	63.1151780089	1017.46131909	719.671819626	1559.42197747	11496.8506212	False
0.130869537122	39933.2420572	85903.3953432	66.414908964	1105.05164972	817.249456287	1147.70170732	10050.9396131	False
0.135478616631	17349.0752278	90530.1316199	72.2844473858	1071.7746023	763.537565698	1311.0470325	11050.3912857	False
0.0773891695497	47146.0419851	102326.523113	97.6853657726	1105.99583842	802.417286577	1420.46123229	12017.2778941	False
0.0575585153633	39300.7589178	112388.478429	105.727533543	1078.69117551	807.712035487	1226.81873783	10260.4211576	False
0.0790170509962	12355.7867915	104569.156558	96.5523572063	1050.38290176	736.925585895	1232.75774903	11094.9435245	False
0.0817196751416	42538.907817	115182.655978	109.897877934	1080.60357444	816.179770742	1193.07310578	11294.2302432	False
0.0505747697102	3598.8699144	93097.3645652	72.1103544246	1024.75388745	745.892531385	1245.99245104	11679.7166045	False
0.0966198260876	42767.5714684	72197.1449176	108.487527194	1109.01461229	715.975519244	1592.37493939	11897.3847538	False
0.139973485614	35320.5164677	105457.573411	92.7642752191	991.812473914	728.987820055	1606.76188047	9888.32740327	False
0.0761682729776	49858.1029257	84102.6363067	99.1451964569	997.705825919	734.934237623	1181.60241447	10729.1055207	False
0.0514265275502	30495.7903766	99043.4641286	103.175342705	1074.73733566	712.200547406	1443.30708605	10135.8026718	False
0.138245470807	13984.7764298	93758.325973	96.1621535524	1066.80137211	803.696710346	1532.89824064	11255.287063	False
0.113352483354	24737.502676	91061.46067	86.8676336017	1065.21267523	725.685273537	1296.16116289	11488.4641201	False
0.0757884421513	36891.2492674	92100.2426188	83.3202536194	1072.92538925	760.049164087	1424.09154052	11647.31013	False
0.0946545397258	43912.4775978	96260.4886153	112.824595034	1024.13818193	772.80034051	1486.10031891	10118.8902719	False
0.0504754850103	9304.03173738	96361.0838379	70.245167599	1037.96170956	763.732549324	1607.77964051	10573.7139063	False
0.101368989745	25073.2150448	86895.6864312	96.1118905401	1097.57854397	817.358257411	1196.73352733	10003.501893	False
0.0751331830425	7084.77276773	103766.284055	93.625543601	1085.19027162	795.295019978	1586.43795271	11651.6489193	False
0.053678852269	44561.0165596	65199.3206133	63.4936943251	1082.92042847	755.375081617	1179.37358842	11791.8698929	False
0.13769313093	27654.3203615	69433.394996	99.4218274349	1074.12551816	720.677033894	1214.38644531	11193.9832614	False
0.0982604238404	444.406651102	73614.2293484	115.690649906	1009.34429353	750.950074294	1247.42433749	11156.8078184	False
0.0539610570602	1548.7945497	84719.4434734	92.1346927707	1088.79084232	739.422721232	1178.51819173	10926.6588977	False
0.14004751448	10194.0298351	104885.861106	77.8152346424	991.183288575	757.662193705	1397.52148654	11884.2202317	False
0.0963263096687	8545.31838063	78044.7615084	70.7751598212	1092.75296342	769.944028483	1648.39204919	11091.1416774	False
0.12868325658	21554.874756	103832.535186	69.7432358461	1040.4467874	701.273595	1294.14555107	11700.8140086	False
0.0933765645026	19336.1917533	97355.1424334	77.8247576073	1049.36878671	779.770460634	1389.78727907	10648.9631203	False
0.0731894990936	37980.7858664	111286.460069	66.1257689936	1067.12621958	703.599902136	1226.87828282	11075.6366948	False
0.110706673992	37756.2139733	66682.8464103	81.704653224	1020.58235199	737.880566568	1588.29880336	10155.1740409	False
0.0554051291076	560.825561901	102957.831811	92.9143679559	1070.298633	706.656892665	1477.1293522	10318.9112674	False
0.137385284918	44705.8260932	68219.5470049	94.9811505554	1012.07727672	806.039484016	1354.84142105	11510.2488881	False
0.0724757693497	32467.229682	111070.804048	91.5490271949	1070.1536304	799.516879764	1170.07467171	11152.8082691	False
0.0934662755437	9882.29064051	98046.8657894	74.683709702	1100.63329048	711.277478599	1314.52426111	11719.4130634	False
0.0557004315626	31998.4260533	110342.728063	73.1736622393	1050.21711534	759.925037806	1528.30239819	11904.5226176	False
0.0755825002542	9512.07983543	107695.859231	82.4896614617	1020.34291592	785.67698426	1475.62409474	10359.709324	False
0.113121049516	24108.9944556	92652.1376405	72.9949349738	1032.68292459	732.590213278	1249.32859216	10915.1072668	False
0.142915795252	3760.24663264	107351.044943	68.4637625552	1097.60826419	792.358907435	1430.23381118	10798.9388271	False
0.0827742537953	19756.162678	114533.118881	102.127110344	1026.42783832	712.79224048	1300.55277722	11846.1698471	False
0.145293622602	33015.8848447	74490.2771198	67.4497930013	1107.83045769	778.121529339	1234.51186443	11965.3503119	False
0.0574266821077	30578.3651958	102194.387392	115.269187358	1090.79383224	793.038979946	1144.24532698	10197.9104573	False
0.0973991488306	4295.49882765	104472.946889	96.9278758192	1047.42407589	813.448742865	1496.52930184	9990.24246835	False
0.116621595899	32583.398531	108491.023571	76.783781757	1079.81189174	767.282764115	1144.49308768	11311.3931829	False
0.135036412943	33062.6914159	88589.5414137	110.357691127	1074.06783967	789.067101973	1205.23304399	11149.8500247	False
0.102560614214	2626.14226739	71926.8236552	111.715046193	1052.06984375	716.601785948	1629.96587567	11215.8352989	False
0.104269045764	23693.1868409	95512.3418434	103.780832549	1043.3750999	719.451520351	1445.03533417	10059.7630175	False
0.122464256059	24205.2753768	98950.7974251	112.30106717	1068.97764612	724.389968558	1628.56850548	11072.2258727	False
0.0989136916599	46590.2278986	76292.0362454	108.662354226	1029.06226366	811.910002003	1505.67660692	11004.9973685	False
0.0925932233464	28586.1827749	68415.0247257	63.6527007914	1028.47162375	816.221776814	1437.75863283	10989.1526638	False
0.0836332700932	34999.5179571	94964.4110794	99.5992123125	1095.83782341	793.764481737	1278.51165065	10862.2938028	False
0.11731628936	12047.387543	97856.1167494	64.1715969796	1036.26116574	716.243543456	1288.62592297	10151.9834987	False
0.12992942983	48406.1713959	69563.5356363	71.2004141691	1062.61063008	700.487965604	1325.55291917	11562.4332107	False
0.114767791636	4182.29134174	106016.025144	69.6456881569	1053.95614765	743.082864319	1330.26801609	11523.2952008	False
0.0999512921956	27487.3224955	71559.2233227	66.0376798966	1030.20622271	707.910062522	1381.02470095	9872.90174792	False
0.107995842736	11640.9629319	95497.8114349	67.8558518264	1041.20117573	714.720130811	1165.92664808	10253.4377971	False
0.0608304763757	45580.7614354	89886.3063216	102.439697362	1106.43947798	734.676836479	1498.24454634	11208.0122206	False
0.104991723387	5869.70025472	109233.774811	77.1225573009	1003.41775493	802.767472895	1262.14772911	11689.3846985	False
0.0974739734752	37219.7986325	102808.563124	84.8551581633	1008.94428124	803.005954103	1671.48412487	9862.72461568	False
0.136279148215	23153.6317255	106179.704033	85.8290335418	1104.35266115	810.690130393	1649.84603702	11437.4505377	False
0.0975672720832	18844.3361808	94550.5314491	107.664775492	1007.71223405	810.060385227	1302.15002137	11319.949658	False
0.106161820091	7951.13261182	84778.312798	106.635025485	1027.76291147	791.393824118	1543.29540324	10979.1820505	False
0.132557301995	44012.3004995	76980.1250409	87.0611950532	1025.26171142	819.404004373	1270.06250413	11335.0839857	False
0.0642786184459	12571.363356	102879.977626	77.7457917073	1011.53633026	765.319106047	1387.16182512	12029.891695	False
0.0541717724968	34022.6600571	99751.6758604	66.9604130126	1083.91190115	809.266310517	1540.77366358	11808.547451	False
0.146465148143	26883.5832026	91243.1537532	108.024035572	994.328549358	773.931047566	1454.84522796	11963.2685674	False
0.124677315699	34466.4757226	63286.5849459	73.0757832432	1077.90253278	734.041751455	1392.79106087	10018.7478253	False
0.149961790497	21757.1926973	111779.835735	78.6855921288	1064.79535954	776.934829867	1377.69208023	10086.7024741	False
0.0852661131093	6998.92989235	89535.1739635	100.524471308	990.779373588	812.182725434	1524.70651989	11124.8090579	False
0.0546950370785	36453.3095291	102566.56731	72.163428993	994.178012545	708.212750709	1427.07148947	11561.053768	False
0.088101887969	39238.5329578	94410.0070307	64.2051287673	1082.40999217	739.970214755	1239.04656398	11826.8055629	False
0.119061059635	47734.2181435	68176.4170976	106.972207557	1089.85256124	818.368252066	1281.80777254	11459.0455738	False
0.0533200201391	27673.2178636	78425.1668642	114.797411111	1042.10825438	748.598800023	1336.32019619	11276.0481665	False
0.107907086338	14832.9547899	79523.0289322	90.1622036354	1092.96892013	767.877952477	1190.69719968	11541.1183564	False
0.0940577304967	49690.2906965	96521.4310235	95.9682231759	1042.6027007	767.449928022	1246.37635102	10342.1136448	False
0.133913077047	2543.47319662	99364.1756671	101.618582817	1102.50442869	747.446760928	1361.83868189	10523.182535	False
0.0916685770345	15268.669248	64811.9875336	82.1066159006	1007.54559474	701.309070954	1546.80545967	10964.5487524	False
0.105412394747	31603.0831278	66428.2023305	74.4359334203	1073.27937866	773.885984213	1272.00328079	10885.9083381	False
0.0800816464678	6454.38301554	68543.8663313	112.416757419	1071.33214599	811.352093449	1275.95872795	10850.112661	False
0.107169825867	2303.63884621	65897.0107351	112.033602973	1088.94084956	768.165892123	1543.86614139	10093.9512235	False
0.103391489953	36266.8497235	113582.180103	71.1106526409	1080.55656783	817.061546165	1359.18016213	11986.2440886	False
0.0601060324561	29261.8129442	108445.244814	68.8492187911	1099.97884166	757.917148489	1548.18238625	10342.633621	False
0.0775116811799	34624.2078176	71767.6312137	94.1364482973	1018.34567497	726.559282056	1676.37688396	10271.514769	False
0.0920897051978	5068.74002758	112044.600059	76.5734619401	1039.2682319	810.823946564	1347.01085256	10370.408722	False
0.0802195853309	20415.8570963	68469.8778679	75.6031453216	1072.31267121	755.471408317	1368.3770262	11761.899915	False
0.121964062284	43934.839746	114315.231189	67.7181306765	1061.72399096	727.816917126	1265.44610023	11003.8355328	False
0.05827543718	11131.0455798	69027.0093267	78.7998508932	995.41514145	720.302423577	1620.56025087	12039.9076547	False
0.086010322684	40475.530318	101754.24333	97.0589856488	1073.65458992	807.599607722	1215.46329762	11232.3253864	False
0.091377555039	4445.37753371	64676.4136806	76.8914707838	1076.76762045	706.900750958	1195.74801597	12003.8539493	False
0.0815183270654	18782.8893148	84220.5413233	106.427620788	1020.08811365	766.150331792	1634.0305096	11995.1377718	False
0.058668045376	44139.9475449	78572.295568	76.4943872976	1109.80582943	772.10273546	1603.25586732	10449.4445232	False
0.141579458652	7819.45540256	76582.3024431	113.631434234	1023.17655676	751.723419665	1219.04925374	10994.1515052	False
0.117968520785	20778.0800105	101531.481398	67.0326045588	1022.71559434	754.648805512	1604.33167006	10263.6702187	False
0.110158385442	37408.2123191	66752.0591454	93.2889582126	1085.71955972	729.288992524	1486.65706362	10307.9195604	False
0.128601066552	3657.51704348	69398.5336398	78.898518697	1027.10857246	747.539842226	1636.03990602	11824.4974307	False
0.0692891893251	38952.559497	110785.950355	110.976802977	1013.87269295	760.778759235	1627.371012	10503.2932267	False
0.144543711927	40225.9395244	111561.408147	102.607159069	1027.63432149	812.364096046	1311.54356794	11890.1750858	False
0.098559013771	40873.9087082	64951.1118323	107.857896109	1001.16242656	809.927343986	1152.22086626	10213.0052993	False
0.101994413464	49187.4194114	107212.389032	92.5680394096	1090.82072254	743.867883921	1457.21214919	11595.2890333	False
0.0737104293764	19158.8626969	72394.5680079	82.3926842421	1096.5479169	803.585038947	1199.57283028	11720.3641901	False
0.0988305691405	18956.0405811	104836.716209	87.9675973363	1035.23345277	758.427463197	1302.52407883	11811.4030677	False
0.108277525008	47905.6403426	115065.789253	88.0074298914	999.80118806	759.523398653	1137.03309556	10600.023559	False
0.0675094363485	48014.3296397	114451.395269	115.864212935	1092.16749905	736.45087794	1443.63501914	11900.2259289	False
0.0750810534255	37608.1550448	67989.6563763	101.052939716	1003.54043379	780.863426998	1488.18906942	10552.171336	False
0.136842853889	42238.6591846	78875.0603784	79.0126969585	998.30761321	783.101567277	1291.35920869	10454.8639394	False
0.109843619696	30507.8591045	111394.913581	89.2278121152	1079.58502029	802.818593459	1382.03376324	10401.9526606	False
0.143650518204	46556.0535252	97522.2033624	108.516365737	1045.93589448	771.641976097	1153.16124461	10598.3788516	False
0.088326417269	7624.97838504	87413.5982233	64.7052241686	1069.65452455	738.978314183	1440.91446657	11447.8512486	False
0.145334479996	728.490121393	68806.0924132	74.3611039042	1010.33568052	769.474828478	1286.4848128	11306.5733714	False
0.0779635246859	37454.2262731	94520.1509704	64.0664157176	1080.86330655	804.190747016	1342.03573373	10651.1780704	False
0.130479195826	24273.7569254	79941.6826393	103.482961699	1031.69951982	717.367430261	1375.93095477	11177.3752586	False
0.0740806163833	19498.8466149	87593.6891207	111.230963992	1046.33511687	803.251779163	1264.26417672	11709.9544272	False
0.0859002557741	6714.43592643	72121.3203388	77.2447434405	1069.73600246	811.738332608	1344.50074954	11658.9708951	False
0.089725484159	9659.62532874	76477.1271149	78.7338347121	1051.02009376	771.408564578	1535.7292592	10476.0139605	False
0.122111057635	29683.3392083	103140.058972	80.5534677778	1058.36519636	803.483168105	1145.82390288	10227.0512393	False
0.139727958559	37366.6796953	83447.3822604	90.0875096403	1056.66289097	801.796621982	1677.24847311	10973.5493309	False
0.0790934341812	25756.3863592	109134.194523	69.4529165141	1058.04075764	721.011413549	1670.98863764	11972.7689123	False
0.0534842211601	20762.7689367	70910.10274	111.537806027	1028.15821517	741.469244184	1614.98889082	11053.3482791	False
0.149502474649	27877.3963558	90057.8309879	89.2950337697	1071.8051959	778.707062716	1229.70083206	10767.6127745	False
0.104457992576	45633.5193468	78209.7558573	66.650691974	1044.73312237	776.503568895	1476.889285	10456.365963	False
0.0849790546476	48140.7515775	113221.556386	63.9311333735	1087.38028768	750.638893922	1522.10248469	9943.77050296	False
0.0627650615192	49958.9342821	114788.160121	91.3188305123	992.469348891	765.783796342	1466.64640663	10339.7985159	False
0.0905343772686	23183.9425003	92218.7391907	78.8469300248	1027.02627885	749.828801529	1507.28034252	11868.4384845	False
0.063135976276	142.45352779	71304.8083017	69.8720529241	1044.67582704	790.902024419	1597.92417244	11439.6760451	False
0.0745625940087	49606.1562318	97100.2996735	71.320523342	1029.22007097	785.951711169	1546.1711573	10642.4258715	False
0.116485179114	13704.2286234	69339.2027221	105.202779437	1109.43707269	706.04796192	1616.23788253	10054.6440442	False
0.0839375381295	1756.8192877	98384.7608442	90.8812009971	1049.85552233	806.151807608	1539.43172424	10185.403074	False
0.119912792871	8035.89820592	75601.9316537	74.089938096	1096.34421669	762.930229949	1223.43908462	10923.6828153	False
0.0587979341277	33885.9149383	79090.04902	77.0885429785	1059.89789946	719.204118731	1456.70797034	11106.9774065	False
0.0814148967609	10471.1007149	91378.9177631	79.0338437116	1031.10349382	738.144989445	1377.12804093	11380.4487251	False
0.0933072168738	48669.0255918	80154.2630931	67.5455909057	1032.22452509	770.559210106	1552.28616363	10710.5446341	False
0.0768666835856	34896.8985398	110484.355419	95.2071725303	1056.18584334	817.142672127	1357.35260346	11774.408238	False
0.147550327289	10727.5735102	75474.935558	67.2124785519	1067.56587048	729.989427409	1466.1769065	10956.6809409	False
0.118627337518	22786.4776088	70687.9421493	87.5339145074	997.560267509	782.751894534	1530.53362485	11478.1478667	False
0.0925217294653	47762.2732834	89774.0305637	83.3849556868	1091.27251396	702.575742286	1337.45929902	11961.9845849	False
0.105696491104	19145.0481204	91866.828152	107.096575189	1084.98931339	814.717170453	1406.64781025	10504.9002061	False
0.058183322022	14123.9420641	96977.0743725	95.4190541333	1033.89307308	727.784799359	1275.11384495	11164.5471925	False
0.0824207567879	25175.8351658	84261.9147455	91.1277089929	1067.21511643	701.5600053	1506.10905871	10292.4186277	False
0.114129335075	12292.7879934	77177.7089439	71.0578121232	1023.48070865	749.364789428	1426.73611113	10798.5156112	False
0.0549253129191	2206.39831159	107067.086882	76.2246232897	1005.96713787	749.47292307	1179.01517952	11747.9137096	False
0.0783122099254	12500.9890094	74309.6477235	66.3515215245	1060.92833676	716.534016211	1589.58720475	11266.1200109	False
0.116706713258	44549.520755	98844.3924639	94.3841950508	1093.48515768	722.880648352	1254.00857654	10141.6384402	False
0.120137834158	42809.6119228	66595.0656619	86.4634629073	1013.60000289	738.591069175	1307.49168058	11564.5401698	False
0.0901330805684	46199.4529869	94487.363166	103.849676448	1085.99608748	819.936943193	1372.08351842	11743.3344072	False
0.10869190224	27786.6760931	72051.6602784	87.2537761004	1027.24224882	707.192826108	1431.95123069	9869.61333368	False
0.0945154710359	27830.5412423	66232.3915896	66.983106579	998.202853511	785.402906849	1241.46715119	10145.9849396	False
0.113913160263	44625.7601925	86663.1117387	93.759275703	997.282793329	713.912835433	1511.36994834	9868.18089237	False
0.0722182427727	203.493519398	87331.9192319	92.358104073	1101.46343959	791.856636968	1552.05830412	10542.5725399	False
0.138670699315	21225.406839	94696.7616009	83.6497296333	990.804915341	777.853912471	1180.49022618	11947.4690626	False
0.14574808554	32334.9400015	98416.8843667	107.048234694	1077.02944753	708.399553268	1336.70384635	10582.1748712	False
0.145068924266	47867.9988023	73218.4500824	107.840811025	1100.1531655	760.591571155	1381.69892503	11644.8603542	False
0.105443456363	10788.1122617	113527.483744	80.3403187547	1107.55945811	750.465015934	1594.85890964	10411.6839033	False
0.112471378528	989.247345057	73561.1984928	87.0934943876	1077.78073636	796.53736179	1514.43270891	11659.9650183	False
0.141915399545	1210.79336292	70374.8605729	65.3512676751	993.248937694	758.825098972	1588.60921504	10721.4725816	False
0.112126896492	3956.73882902	110976.673681	66.7998474089	1083.83640774	710.503002875	1280.15545842	10389.2237472	False
0.082881859535	23782.8117949	66129.1165896	70.1128408767	1049.48364036	707.299405592	1456.29877195	11113.4499109	False
0.134897438778	49760.872767	91877.122227	104.176141817	1051.16360412	736.181784027	1363.62918331	10090.4218537	False
0.0749089892951	26970.932701	89482.4249718	82.6735886331	1075.96937197	719.086281575	1586.68964451	10033.7983476	False
0.102100007474	4636.48562695	96166.4093071	104.626312599	1022.05307466	769.242840627	1556.73162763	11132.0736242	False
0.0708643797765	21328.8901681	88163.4079252	91.7244555377	1004.19647151	759.86051265	1249.10988549	10424.3531838	False
0.0630274625677	25530.9799773	89237.4878543	100.791687522	1041.08401403	763.913376185	1625.26717888	10368.9139137	False
0.129829415523	18110.0480558	100083.314844	87.198752849	1067.30026378	780.588836491	1551.10031208	10944.8187735	False
0.0743682031329	23924.1180972	67238.3708028	111.612990571	1026.71862163	809.333124959	1600.49335838	11099.4770887	False
0.0524016990302	35712.0711932	87237.476504	89.0393835352	1038.00968074	783.643704183	1618.5713979	9939.14483862	False
0.0559574128718	48497.3040456	91207.786325	67.7505402282	1019.96225318	764.81211463	1172.3211344	11876.1025125	False
0.149800168598	3122.67125772	97068.959822	64.5529493261	1026.14229885	779.804180181	1482.12303708	11848.198564	False
0.148154305127	32723.0265721	81991.3650768	114.580948836	1101.27228979	770.978990677	1350.73754497	11343.9742145	False
0.0685933537823	32148.9362379	100010.202491	92.0740444135	1021.53753078	718.142843637	1197.50141159	10841.7539179	False
0.134686024528	12845.847386	85146.6072217	115.336863574	1106.87471489	723.299176016	1553.24305533	11763.7028724	False
0.0942082639496	26827.2940925	86216.903509	69.4077362267	1026.97396316	795.913171446	1141.67299219	11063.0532625	False
0.128911989672	1107.71090519	79555.8404658	72.3720018855	1106.74598227	812.024833472	1437.85580268	10111.0118522	False
0.0847784139531	2079.98641599	99072.6811179	96.6784045276	1105.3482324	740.483458434	1510.57999595	10559.3199171	False
0.0963919711127	28421.7991324	93835.5639945	78.5564172251	1032.41444714	704.597336432	1209.52547236	11785.0258876	False
0.110467396957	23033.5143391	104189.16285	108.807399177	1083.1603306	798.816177832	1602.84368546	10814.5330539	False
0.083791578953	17191.8269184	68797.5516261	94.4218821051	1032.36223015	788.852005636	1549.81674973	11802.9909914	False
0.10121314934	39415.4379582	74600.2436963	69.0053991529	1046.58169062	711.956850277	1219.85391473	10015.7082249	False
0.0528295076264	33942.1478491	70615.3197184	75.2491065973	1074.84314614	794.591632371	1251.59453329	10872.630025	False
0.0990814095353	10993.9470466	85364.4699951	108.112594542	1016.25935583	816.968893945	1180.68358134	11360.0498296	False
0.0594258664628	46263.8722087	95014.4275141	69.1917565212	1022.86951922	804.777829046	1195.54479795	9891.05788186	False
0.14200930668	18875.2156804	80050.4167203	77.2963771907	1094.62972118	737.217469472	1435.51612037	10550.2373678	False
0.0922895377509	27019.5547756	113631.270624	70.8838901594	1074.41428221	714.0415334	1458.23480275	9860.7693928	False
0.135822864103	4240.67064503	65255.2946473	100.298810723	996.938919423	701.887963749	1129.99932042	10732.3264724	False
0.145937680598	5045.54193954	86108.2315149	63.6751155263	1022.13224553	775.842322665	1479.78685929	11384.8582074	False
0.107495574338	21009.6637674	98737.4870172	95.6386885292	1071.29046331	708.751371629	1415.15878429	10121.7815276	False
0.119410899167	13485.4083715	94785.3159986	76.1890408518	1020.68098459	806.379299868	1527.14839528	11795.9111468	False
0.0691847336586	17083.2867478	99190.3411846	104.287113521	1064.08099538	759.023043979	1185.29750337	9963.33767376	False
0.0591409062525	28196.7310679	67739.7335261	99.4613019907	1043.64805494	741.247173108	1194.79373521	11103.2656366	False
0.139016533523	39974.6741197	91157.7116623	71.252545142	1000.88775056	735.816645746	1213.93518096	10113.2159424	False
0.0808201772618	6253.64643571	96893.0031292	85.4131376417	1000.59110158	806.644137048	1676.83044981	10766.0920202	False
0.0707246129723	6176.21973986	105844.42678	87.1660151864	1019.85248047	782.696219702	1258.12469935	10867.196381	False
0.12763503527	49715.1082855	87308.411295	104.721917332	1063.40842769	736.211728262	1342.1873374	10355.3464004	False
0.089768871989	538.528392261	79338.2696162	74.4182193936	1081.8818766	787.237112907	1605.11554284	9975.77249264	False
0.0698564999253	44780.5411819	81518.0313814	80.5888073519	1062.09864295	798.021061042	1426.12633347	10380.4995976	False
0.149398405796	42884.27802	82644.7346092	82.8976205504	1095.32957946	712.451455795	1638.42481832	10145.0252272	False
0.136789159618	11404.6371249	94640.5181398	92.7712530332	1096.20163979	759.200285287	1464.7584177	11392.7940608	False
0.069789008536	11548.5779911	113390.223865	109.480887022	1103.71072419	723.007751825	1569.71322331	11987.7504283	False
0.102205668734	15815.8849135	81188.1553785	72.5767992942	1107.04742887	811.58948132	1641.70209135	11920.5381299	False
0.0916647688953	5154.89918428	71126.3449846	113.071396832	1033.76267169	730.545728092	1481.15727485	10337.4277696	False
0.0952992948687	41670.3028833	69317.8467484	97.8453505795	1044.92533389	747.355507267	1643.11298647	11008.9203718	False
0.109441153924	5258.18807697	113929.241819	101.845563722	1010.95521157	731.185690274	1266.84502572	10569.0955952	False
0.0795817488786	38830.843452	92667.6681685	104.45907091	1079.45025843	789.536462772	1637.84780459	11735.8236388	False
0.0663303103073	45007.3774955	66312.1503338	115.706286504	1054.20353125	813.849849939	1263.04296368	10976.5403906	False
0.117201685259	25603.372518	65367.2258188	105.79750635	1004.25974183	709.670389379	1672.69794912	11913.2281341	False
0.0765673583415	25430.6006584	93266.3736471	109.130602628	1016.61506395	790.893571082	1243.7171246	11218.9195487	False
0.112048925108	34499.41906	70839.7160763	65.1053475651	1050.47366916	769.077539912	1577.08034024	10725.0683285	False
0.0986210014786	42438.5481241	104919.677647	113.772312087	1059.17240297	757.37246059	1309.52635951	11558.2692868	False
0.0937933858713	9012.74166713	78518.0728605	98.4715425911	1099.19857294	743.967030875	1374.18990044	10366.8786863	False
0.0801170469667	37905.4818509	84666.1387824	112.780775244	1098.35123172	724.209228121	1632.54271571	11626.1577413	False
0.145530364813	39012.1957012	75387.5405888	71.0318176452	1087.76251248	814.984239308	1524.22411597	10206.803377	False
0.136556177169	12878.2497419	65945.3149957	114.0096996	1034.84010631	748.382155757	1534.46642281	11181.328781	False
0.0939927543476	12153.9391849	67805.693914	67.2755830365	1049.2405016	795.503557636	1273.40816998	11140.8210532	False
0.106836136068	20151.6335926	115541.732169	86.3607087108	1092.2792906	727.576753821	1645.48803081	11298.0346792	False
0.14138958163	36830.4665287	74173.9549315	83.5394343495	1070.57616303	818.738935088	1316.20367096	11984.0618979	False
0.108432703288	45707.419427	74027.299621	84.7598779994	1104.1477899	782.150140838	1418.66575104	11533.3897408	False
0.0670297083416	8862.85832015	73434.4394695	63.238220279	1062.28730268	799.059908452	1478.9478636	10303.2894515	False
0.111373622288	22882.5330904	88325.1555207	77.9482845167	1094.92608069	758.674789934	1148.61862911	10012.4110434	False
0.0604572950924	11971.7475705	95310.8492712	88.5777906129	1045.31951772	812.543594091	1228.90132704	11136.7662127	False
0.0907046662016	6018.32371577	103274.789737	74.1304123098	1068.22091598	713.321176603	1223.88313675	11060.5188332	False
0.12494172714	35990.4313703	77728.0122666	82.0369460535	1070.80503983	718.842114967	1593.33159183	11615.3475544	False
0.0822905291536	41173.2255474	99120.5536812	113.746802981	1092.44894171	745.649956775	1668.49172755	10328.5163242	False
0.13263298984	45663.75998	109418.594887	79.3689827338	1001.04125732	789.616114867	1301.80538733	11530.6474956	False
0.0999123979347	43330.3024161	66088.037487	69.3342853707	994.099341134	818.898959256	1325.89951646	11830.6204367	False
0.0873959960515	46150.5852827	92843.5991732	104.362098823	1047.17637062	748.954368311	1669.74271106	11226.1527635	False
0.104895396393	14784.0807315	114705.303967	78.9423829853	1085.07394332	720.040452001	1424.5724077	10376.2801187	False
0.142201017517	33083.2952551	104151.994546	71.2958631672	1037.46771707	794.884579447	1564.89153488	11328.7286913	False
0.137611153767	27391.1809407	105338.440928	99.098266557	1071.04668362	800.214735822	1190.0001463	11806.2375383	False
0.132190895925	18986.7184627	82451.5649236	84.6097084422	1013.93224962	798.947911802	1317.69835789	10795.6303479	False
0.0717893561484	25357.7667244	81632.3156243	82.8493954707	1092.0905754	702.635439468	1403.084841	10932.2470621	False
0.130769584045	19686.3709032	83385.2615361	103.559792879	1012.57663427	756.291493962	1306.66078626	10833.6909829	False
0.106687677056	26349.7977787	72725.1134056	70.6125338111	1068.47309987	796.049893561	1511.90485547	11514.8904876	False
0.0827239753057	45816.4723694	69893.3512843	63.2234696541	1016.94915287	767.69534465	1210.43449965	11280.8342973	False
0.10059540103	11347.9333583	109655.280618	108.747010686	1032.05071651	746.826674185	1404.25481945	10005.5679296	False
0.0893053230868	15846.3646787	82399.3726232	107.142384114	1076.85151963	732.163297026	1644.26772829	10602.6698906	False
0.0993420041818	36088.6573035	79213.9883873	79.8518103262	1070.67295024	755.297891855	1259.75705829	10472.7197761	False
0.102633173438	43159.2922554	102500.732555	85.5947175611	1035.85936473	768.453205312	1558.57075731	11057.7972502	False
0.0572799337496	9367.08818947	89977.5068252	83.2645630604	1049.61240003	716.761257121	1629.09541007	11260.0336599	False
0.144387742904	17960.2255846	113423.463612	89.51687385	990.654112658	770.470748125	1572.42094778	11104.4519116	False
0.109059491416	4774.71036389	103895.938062	86.9306581647	1010.83138581	706.599422218	1154.00416142	11517.1324998	False
0.101557559481	33688.2241675	105596.196627	100.017362535	1055.03238217	772.937192201	1441.16217086	9972.4113415	False
0.132371839967	19869.0929823	110695.681346	65.7346188267	1006.47911115	798.745296752	1221.53996744	11856.2489518	False
0.115682567036	34832.4283487	87896.5445142	78.6408305918	1059.52486236	792.814692708	1614.09053206	10753.2924339	False
